%YAML:1.0
---
aruco_bc_dict: ARUCO
aruco_bc_nmarkers: 105
aruco_bc_mInfoType: 1
aruco_bc_markers:
   - { id:0, corners:[ [ 4.0794458389282227e+00, -1.4602512121200562e+00,
       -2.6301741600036621e+00 ], [ 4.3033437728881836e+00,
       -1.4771395921707153e+00, -3.6046404838562012e+00 ], [
       4.3028306961059570e+00, -2.4769911766052246e+00,
       -3.5874300003051758e+00 ], [ 4.0789327621459961e+00,
       -2.4601030349731445e+00, -2.6129636764526367e+00 ] ] }
   - { id:1, corners:[ [ -4.0176205635070801e+00,
       -1.1339983940124512e+00, -4.2553687095642090e+00 ], [
       -4.1260194778442383e+00, -1.1149373054504395e+00,
       -3.2614438533782959e+00 ], [ -4.1218657493591309e+00,
       -2.1147360801696777e+00, -3.2418169975280762e+00 ], [
       -4.0134668350219727e+00, -2.1337971687316895e+00,
       -4.2357416152954102e+00 ] ] }
   - { id:2, corners:[ [ -7.6070690155029297e-01,
       -2.4051892757415771e+00, 7.6060807704925537e-01 ], [
       2.3885303735733032e-01, -2.4172124862670898e+00,
       7.3348855972290039e-01 ], [ 2.2682449221611023e-01,
       -3.4171402454376221e+00, 7.3345744609832764e-01 ], [
       -7.7273541688919067e-01, -3.4051170349121094e+00,
       7.6057696342468262e-01 ] ] }
   - { id:3, corners:[ [ 5.4339164495468140e-01, -3.3470296859741211e+00,
       -7.8137192726135254e+00 ], [ -4.5636224746704102e-01,
       -3.3547573089599609e+00, -7.7929244041442871e+00 ], [
       -4.4952565431594849e-01, -4.3538265228271484e+00,
       -7.8355164527893066e+00 ], [ 5.5022823810577393e-01,
       -4.3460988998413086e+00, -7.8563113212585449e+00 ] ] }
   - { id:4, corners:[ [ -5.0000000000000000e-01, 5.0000000000000000e-01,
       0. ], [ 5.0000000000000000e-01, 5.0000000000000000e-01, 0. ], [
       5.0000000000000000e-01, -5.0000000000000000e-01, 0. ], [
       -5.0000000000000000e-01, -5.0000000000000000e-01, 0. ] ] }
   - { id:5, corners:[ [ 1.0537893772125244e+00, -4.7436878085136414e-01,
       -8.5673952102661133e+00 ], [ 5.4155796766281128e-02,
       -4.5831394195556641e-01, -8.5456027984619141e+00 ], [
       3.8576602935791016e-02, -1.4579544067382813e+00,
       -8.5237798690795898e+00 ], [ 1.0382101535797119e+00,
       -1.4740092754364014e+00, -8.5455722808837891e+00 ] ] }
   - { id:6, corners:[ [ 3.7781388759613037e+00, -1.0368604660034180e+01,
       -5.9169812202453613e+00 ], [ 3.7069444656372070e+00,
       -1.0383298873901367e+01, -6.9143352508544922e+00 ], [
       3.7378036975860596e+00, -1.1382743835449219e+01,
       -6.9018130302429199e+00 ], [ 3.8089981079101563e+00,
       -1.1368049621582031e+01, -5.9044589996337891e+00 ] ] }
   - { id:7, corners:[ [ -4.4005417823791504e+00,
       -1.0136520385742188e+01, -6.4188885688781738e+00 ], [
       -4.3149204254150391e+00, -1.0146806716918945e+01,
       -5.4226136207580566e+00 ], [ -4.3197741508483887e+00,
       -1.1146745681762695e+01, -5.4325203895568848e+00 ], [
       -4.4053955078125000e+00, -1.1136459350585938e+01,
       -6.4287953376770020e+00 ] ] }
   - { id:8, corners:[ [ 2.7895197868347168e+00, -6.1986303329467773e+00,
       -7.7968893051147461e+00 ], [ 1.7905721664428711e+00,
       -6.2096881866455078e+00, -7.8414015769958496e+00 ], [
       1.8002309799194336e+00, -7.2091445922851563e+00,
       -7.8098716735839844e+00 ], [ 2.7991786003112793e+00,
       -7.1980867385864258e+00, -7.7653594017028809e+00 ] ] }
   - { id:9, corners:[ [ 1.8496756553649902e+00, -5.4129157066345215e+00,
       4.7419190406799316e-01 ], [ 2.8495960235595703e+00,
       -5.4235014915466309e+00, 4.6733182668685913e-01 ], [
       2.8392391204833984e+00, -6.4229178428649902e+00,
       4.9988281726837158e-01 ], [ 1.8393187522888184e+00,
       -6.4123320579528809e+00, 5.0674289464950562e-01 ] ] }
   - { id:10, corners:[ [ -2.9082846641540527e-01,
       6.4262261390686035e+00, 8.9162558317184448e-01 ], [
       7.0895427465438843e-01, 6.4166402816772461e+00,
       9.1013091802597046e-01 ], [ 6.9903486967086792e-01,
       5.4168515205383301e+00, 9.2813783884048462e-01 ], [
       -3.0074793100357056e-01, 5.4264373779296875e+00,
       9.0963250398635864e-01 ] ] }
   - { id:11, corners:[ [ 1.3107746839523315e+00, 5.5069537162780762e+00,
       -7.7016530036926270e+00 ], [ 3.1151592731475830e-01,
       5.4898581504821777e+00, -7.7361426353454590e+00 ], [
       3.2813426852226257e-01, 4.4900956153869629e+00,
       -7.7220673561096191e+00 ], [ 1.3273930549621582e+00,
       4.5071911811828613e+00, -7.6875777244567871e+00 ] ] }
   - { id:13, corners:[ [ -1.4203122854232788e+00,
       -7.1446835994720459e-02, -7.8025484085083008e+00 ], [
       -2.4193706512451172e+00, -5.7502567768096924e-02,
       -7.8436355590820313e+00 ], [ -2.4332294464111328e+00,
       -1.0574038028717041e+00, -7.8459959030151367e+00 ], [
       -1.4341713190078735e+00, -1.0713479518890381e+00,
       -7.8049087524414063e+00 ] ] }
   - { id:14, corners:[ [ 3.8119893074035645e+00,
       -4.0232810974121094e+00, -2.3509609699249268e+00 ], [
       3.7946975231170654e+00, -4.0426535606384277e+00,
       -3.3506236076354980e+00 ], [ 3.7756137847900391e+00,
       -5.0422773361206055e+00, -3.3309214115142822e+00 ], [
       3.7929055690765381e+00, -5.0229048728942871e+00,
       -2.3312587738037109e+00 ] ] }
   - { id:15, corners:[ [ -4.0543651580810547e+00,
       -4.1698813438415527e+00, -3.9285793304443359e+00 ], [
       -4.0819025039672852e+00, -4.1579294204711914e+00,
       -2.9290299415588379e+00 ], [ -4.0959281921386719e+00,
       -5.1577639579772949e+00, -2.9174609184265137e+00 ], [
       -4.0683908462524414e+00, -5.1697158813476563e+00,
       -3.9170103073120117e+00 ] ] }
   - { id:16, corners:[ [ -1.6730989217758179e+00,
       3.1354713439941406e+00, -6.6726942062377930e+00 ], [
       -2.6719532012939453e+00, 3.1438817977905273e+00,
       -6.7198033332824707e+00 ], [ -2.6805214881896973e+00,
       2.1439232826232910e+00, -6.7166519165039063e+00 ], [
       -1.6816673278808594e+00, 2.1355128288269043e+00,
       -6.6695427894592285e+00 ] ] }
   - { id:17, corners:[ [ -2.4997916221618652e+00,
       3.2575905323028564e+00, 2.7108001708984375e-01 ], [
       -1.5004774332046509e+00, 3.2719554901123047e+00,
       3.0520704388618469e-01 ], [ -1.4866077899932861e+00,
       2.2721598148345947e+00, 3.1991147994995117e-01 ], [
       -2.4859218597412109e+00, 2.2577948570251465e+00,
       2.8578445315361023e-01 ] ] }
   - { id:18, corners:[ [ 3.8905920982360840e+00,
       -9.9410762786865234e+00, -7.1514034271240234e-01 ], [
       3.5888884067535400e+00, -9.9491338729858398e+00,
       -1.6685080528259277e+00 ], [ 3.5485658645629883e+00,
       -1.0948095321655273e+01, -1.6473042964935303e+00 ], [
       3.8502695560455322e+00, -1.0940037727355957e+01,
       -6.9393658638000488e-01 ] ] }
   - { id:19, corners:[ [ -3.9525060653686523e+00,
       -9.9743843078613281e+00, 4.1072967648506165e-01 ], [
       -3.6937799453735352e+00, -9.9779348373413086e+00,
       1.3766738176345825e+00 ], [ -3.7299966812133789e+00,
       -1.0977260589599609e+01, 1.3827008008956909e+00 ], [
       -3.9887228012084961e+00, -1.0973710060119629e+01,
       4.1675660014152527e-01 ] ] }
   - { id:20, corners:[ [ -4.4064397811889648e+00,
       -2.0459039688110352e+01, -7.2875773906707764e-01 ], [
       -4.3485326766967773e+00, -2.0458208084106445e+01,
       -1.7270793914794922e+00 ], [ -4.4276609420776367e+00,
       -1.9461351394653320e+01, -1.7308386564254761e+00 ], [
       -4.4855680465698242e+00, -1.9462182998657227e+01,
       -7.3251706361770630e-01 ] ] }
   - { id:21, corners:[ [ 3.6665458679199219e+00,
       -2.0472398757934570e+01, -1.5828624963760376e+00 ], [
       3.6798684597015381e+00, -2.0441064834594727e+01,
       -5.8344233036041260e-01 ], [ 3.6961088180541992e+00,
       -1.9441694259643555e+01, -6.1499083042144775e-01 ], [
       3.6827862262725830e+00, -1.9473028182983398e+01,
       -1.6144109964370728e+00 ] ] }
   - { id:22, corners:[ [ 1.7372450828552246e+00,
