%YAML:1.0
---
aruco_bc_dict: ARUCO
aruco_bc_nmarkers: 30
aruco_bc_mInfoType: 1
aruco_bc_markers:
   - { id:0, corners:[ [ 6.1029672622680664e+00, -3.9582493305206299e+00,
       -2.7847609519958496e+00 ], [ 6.1843891143798828e+00,
       -3.9830594062805176e+00, -3.7811319828033447e+00 ], [
       6.1925888061523438e+00, -4.9826989173889160e+00,
       -3.7555704116821289e+00 ], [ 6.1111669540405273e+00,
       -4.9578890800476074e+00, -2.7591993808746338e+00 ] ] }
   - { id:1, corners:[ [ -1.3497155904769897e+00,
       -3.9789643287658691e+00, -4.4449357986450195e+00 ], [
       -1.4359376430511475e+00, -3.9566674232482910e+00,
       -3.4489095211029053e+00 ], [ -1.4424694776535034e+00,
       -4.9564080238342285e+00, -3.4270949363708496e+00 ], [
       -1.3562474250793457e+00, -4.9787049293518066e+00,
       -4.4231214523315430e+00 ] ] }
   - { id:2, corners:[ [ 6.0651865005493164e+00, -6.9506816864013672e+00,
       -5.1792526245117188e-01 ], [ 6.0860629081726074e+00,
       -6.9676022529602051e+00, -1.5175640583038330e+00 ], [
       6.0707397460937500e+00, -7.9673471450805664e+00,
       -1.5009615421295166e+00 ], [ 6.0498633384704590e+00,
       -7.9504265785217285e+00, -5.0132268667221069e-01 ] ] }
   - { id:3, corners:[ [ -1.1500358581542969e+00,
       -7.1676115989685059e+00, -1.5780990123748779e+00 ], [
       -1.1457562446594238e+00, -7.1935539245605469e+00,
       -5.7844465970993042e-01 ], [ -1.1822412014007568e+00,
       -8.1925563812255859e+00, -6.0421401262283325e-01 ], [
       -1.1865208148956299e+00, -8.1666135787963867e+00,
       -1.6038682460784912e+00 ] ] }
   - { id:4, corners:[ [ -5.0000000000000000e-01, 5.0000000000000000e-01,
       0. ], [ 5.0000000000000000e-01, 5.0000000000000000e-01, 0. ], [
       5.0000000000000000e-01, -5.0000000000000000e-01, 0. ], [
       -5.0000000000000000e-01, -5.0000000000000000e-01, 0. ] ] }
   - { id:5, corners:[ [ 4.6312648057937622e-01, 4.9351075291633606e-01,
       -7.6203436851501465e+00 ], [ -5.3679901361465454e-01,
       4.9521425366401672e-01, -7.6324343681335449e+00 ], [
       -5.3850394487380981e-01, -5.0478428602218628e-01,
       -7.6323266029357910e+00 ], [ 4.6142148971557617e-01,
       -5.0648778676986694e-01, -7.6202359199523926e+00 ] ] }
   - { id:6, corners:[ [ 2.8973236083984375e+00, 5.0644326210021973e-01,
       -7.9820570945739746e+00 ], [ 1.8973895311355591e+00,
       5.0571382045745850e-01, -7.9935107231140137e+00 ], [
       1.8981800079345703e+00, -4.9427172541618347e-01,
       -7.9988303184509277e+00 ], [ 2.8981142044067383e+00,
       -4.9354225397109985e-01, -7.9873766899108887e+00 ] ] }
   - { id:7, corners:[ [ 1.8951698541641235e+00, 5.1460683345794678e-01,
       -3.9982885122299194e-01 ], [ 2.8949472904205322e+00,
       4.9380326271057129e-01, -3.9632785320281982e-01 ], [
       2.8741340637207031e+00, -5.0597631931304932e-01,
       -3.9357900619506836e-01 ], [ 1.8743565082550049e+00,
       -4.8517274856567383e-01, -3.9708000421524048e-01 ] ] }
   - { id:8, corners:[ [ 5.3819813728332520e+00, 4.8395627737045288e-01,
       -7.2678842544555664e+00 ], [ 4.3823647499084473e+00,
       4.7661310434341431e-01, -7.2945771217346191e+00 ], [
       4.3892779350280762e+00, -5.2323216199874878e-01,
       -7.2784013748168945e+00 ], [ 5.3888945579528809e+00,
       -5.1588898897171021e-01, -7.2517085075378418e+00 ] ] }
   - { id:9, corners:[ [ 4.3837313652038574e+00, 4.6818223595619202e-01,
       2.5849780440330505e-01 ], [ 5.3825321197509766e+00,
       4.8171705007553101e-01, 3.0554682016372681e-01 ], [
       5.3948521614074707e+00, -5.1786869764328003e-01,
       3.3155879378318787e-01 ], [ 4.3960514068603516e+00,
       -5.3140348196029663e-01, 2.8450977802276611e-01 ] ] }
   - { id:10, corners:[ [ 4.9031132459640503e-01,
       -5.4780693054199219e+00, -7.3413362503051758e+00 ], [
       -5.0763571262359619e-01, -5.4775381088256836e+00,
       -7.4053792953491211e+00 ], [ -5.0840222835540771e-01,
       -6.4775314331054688e+00, -7.4017267227172852e+00 ], [
       4.8954480886459351e-01, -6.4780626296997070e+00,
       -7.3376836776733398e+00 ] ] }
   - { id:11, corners:[ [ -8.9088678359985352e-01,
       -5.4457325935363770e+00, 1.5647481381893158e-01 ], [
       1.0678455233573914e-01, -5.4694266319274902e+00,
       2.2043091058731079e-01 ], [ 8.3566486835479736e-02,
       -6.4691233634948730e+00, 2.1225376427173615e-01 ], [
       -9.1410481929779053e-01, -6.4454293251037598e+00,
       1.4829766750335693e-01 ] ] }
   - { id:12, corners:[ [ -1.1887872219085693e+00,
       -6.9645867347717285e+00, -6.7507009506225586e+00 ], [
       -1.2726042270660400e+00, -6.9863142967224121e+00,
       -5.7544565200805664e+00 ], [ -1.2814075946807861e+00,
       -7.9860215187072754e+00, -5.7770004272460938e+00 ], [
       -1.1975905895233154e+00, -7.9642939567565918e+00,
       -6.7732448577880859e+00 ] ] }
   - { id:13, corners:[ [ 6.2144341468811035e+00,
       -6.9914135932922363e+00, -5.1213188171386719e+00 ], [
       6.3030900955200195e+00, -6.9911994934082031e+00,
       -6.1173810958862305e+00 ], [ 6.3039765357971191e+00,
       -7.9911990165710449e+00, -6.1175174713134766e+00 ], [
       6.2153205871582031e+00, -7.9914131164550781e+00,
       -5.1214551925659180e+00 ] ] }
   - { id:14, corners:[ [ 1.7789416313171387e+00,
       -5.4479093551635742e+00, 2.7472418546676636e-01 ], [
       2.7785081863403320e+00, -5.4659214019775391e+00,
       2.9800885915756226e-01 ], [ 2.7602529525756836e+00,
       -6.4657020568847656e+00, 3.0826777219772339e-01 ], [
       1.7606863975524902e+00, -6.4476900100708008e+00,
       2.8498309850692749e-01 ] ] }
   - { id:15, corners:[ [ 3.0384342670440674e+00,
       -5.5074391365051270e+00, -7.2549266815185547e+00 ], [
       2.0394933223724365e+00, -5.5049948692321777e+00,
       -7.3008742332458496e+00 ], [ 2.0372803211212158e+00,
       -6.5049796104431152e+00, -7.3059587478637695e+00 ], [
       3.0362212657928467e+00, -6.5074238777160645e+00,
       -7.2600111961364746e+00 ] ] }
   - { id:16, corners:[ [ -1.3208764791488647e+00,
       -9.9676024913787842e-01, -7.1069936752319336e+00 ], [
       -1.4062656164169312e+00, -9.9824911355972290e-01,
       -6.1106467247009277e+00 ], [ -1.4196056127548218e+00,
       -1.9981566667556763e+00, -6.1132841110229492e+00 ], [
       -1.3342164754867554e+00, -1.9966678619384766e+00,
       -7.1096310615539551e+00 ] ] }
   - { id:17, corners:[ [ 6.0593819618225098e+00,
       -1.0285403728485107e+00, -5.5301027297973633e+00 ], [
       6.1484718322753906e+00, -1.0011067390441895e+00,
       -6.5257482528686523e+00 ], [ 6.1470570564270020e+00,
       -2.0007228851318359e+00, -6.5534181594848633e+00 ], [
       6.0579671859741211e+00, -2.0281565189361572e+00,
       -5.5577726364135742e+00 ] ] }
   - { id:20, corners:[ [ 3.9362008571624756e+00,
       -2.5011928081512451e+00, 1.7963981628417969e-01 ], [
       4.9237518310546875e+00, -2.5007834434509277e+00,
       3.3693832159042358e-01 ], [ 4.9261431694030762e+00,
       -3.5007035732269287e+00, 3.2452720403671265e-01 ], [
       3.9385919570922852e+00, -3.5011129379272461e+00,
       1.6722869873046875e-01 ] ] }
   - { id:21, corners:[ [ 6.1183795928955078e+00,
       -2.4919919967651367e+00, -7.1748852729797363e+00 ], [
       5.1315770149230957e+00, -2.4978957176208496e+00,
       -7.3367028236389160e+00 ], [ 5.1347970962524414e+00,
       -3.4977488517761230e+00, -7.3198609352111816e+00 ], [
       6.1215996742248535e+00, -3.4918451309204102e+00,
       -7.1580433845520020e+00 ] ] }
   - { id:22, corners:[ [ -1.4514470100402832e+00,
       -1.0381569862365723e+00, -4.5503082275390625e+00 ], [
       -1.5154479742050171e+00, -1.0187838077545166e+00,
       -3.5525465011596680e+00 ], [ -1.5356893539428711e+00,
       -2.0184147357940674e+00, -3.5344352722167969e+00 ], [
       -1.4716883897781372e+00, -2.0377879142761230e+00,
       -4.5321969985961914e+00 ] ] }
   - { id:23, corners:[ [ 5.9571552276611328e+00,
