%YAML:1.0
---
aruco_bc_dict: ARUCO
aruco_bc_nmarkers: 48
aruco_bc_mInfoType: 1
aruco_bc_markers:
   - { id:0, corners:[ [ 6.2273387908935547e+00, 8.1322021484375000e+00,
       -3.4455122947692871e+00 ], [ 6.2418432235717773e+00,
       8.1308479309082031e+00, -4.4454064369201660e+00 ], [
       6.2588319778442383e+00, 7.1309933662414551e+00,
       -4.4438052177429199e+00 ], [ 6.2443275451660156e+00,
       7.1323480606079102e+00, -3.4439110755920410e+00 ] ] }
   - { id:1, corners:[ [ -1.4735611677169800e+00, 8.0217237472534180e+00,
       -4.5148100852966309e+00 ], [ -1.4879676103591919e+00,
       8.0229825973510742e+00, -3.5149145126342773e+00 ], [
       -1.4587968587875366e+00, 7.0234093666076660e+00,
       -3.5132355690002441e+00 ], [ -1.4443904161453247e+00,
       7.0221500396728516e+00, -4.5131311416625977e+00 ] ] }
   - { id:6, corners:[ [ -1.2657859325408936e+00, 2.0003507137298584e+00,
       -1.8269976377487183e+00 ], [ -1.3060326576232910e+00,
       1.9941136837005615e+00, -8.2782727479934692e-01 ], [
       -1.2992212772369385e+00, 9.9415463209152222e-01,
       -8.3379495143890381e-01 ], [ -1.2589745521545410e+00,
       1.0003917217254639e+00, -1.8329653739929199e+00 ] ] }
   - { id:7, corners:[ [ 6.3421831130981445e+00, 2.1523914337158203e+00,
       -6.2637531757354736e-01 ], [ 6.3804802894592285e+00,
       2.1364068984985352e+00, -1.6255137920379639e+00 ], [
       6.4030265808105469e+00, 1.1368031501770020e+00,
       -1.6086574792861938e+00 ], [ 6.3647294044494629e+00,
       1.1527878046035767e+00, -6.0951894521713257e-01 ] ] }
   - { id:8, corners:[ [ -1.4473114013671875e+00,
       -9.8704844713211060e-01, -6.7867426872253418e+00 ], [
       -1.4446479082107544e+00, -1.0005195140838623e+00,
       -5.7868371009826660e+00 ], [ -1.4086568355560303e+00,
       -1.9997797012329102e+00, -5.8003954887390137e+00 ], [
       -1.4113203287124634e+00, -1.9863085746765137e+00,
       -6.8003010749816895e+00 ] ] }
   - { id:9, corners:[ [ 6.2033071517944336e+00, -8.4625214338302612e-01,
       -5.9561600685119629e+00 ], [ 6.1908321380615234e+00,
       -8.4538978338241577e-01, -6.9560818672180176e+00 ], [
       6.2210168838500977e+00, -1.8449332714080811e+00,
       -6.9573206901550293e+00 ], [ 6.2334918975830078e+00,
       -1.8457956314086914e+00, -5.9573988914489746e+00 ] ] }
   - { id:12, corners:[ [ 2.2174181938171387e+00, 5.5844688415527344e+00,
       -7.7586607933044434e+00 ], [ 3.2158534526824951e+00,
       5.6265048980712891e+00, -7.7217855453491211e+00 ], [
       3.1732287406921387e+00, 6.6254787445068359e+00,
       -7.7064642906188965e+00 ], [ 2.1747934818267822e+00,
       6.5834426879882813e+00, -7.7433395385742188e+00 ] ] }
   - { id:13, corners:[ [ 2.8620712757110596e+00, 5.5129475593566895e+00,
       -2.2160552442073822e-01 ], [ 1.8628675937652588e+00,
       5.4913887977600098e+00, -2.5518125295639038e-01 ], [
       1.8410031795501709e+00, 6.4911112785339355e+00,
       -2.4641938507556915e-01 ], [ 2.8402068614959717e+00,
       6.5126700401306152e+00, -2.1284365653991699e-01 ] ] }
   - { id:20, corners:[ [ 6.4304957389831543e+00, 4.1411871910095215e+00,
       -1.9401450157165527e+00 ], [ 6.4342293739318848e+00,
       4.1329803466796875e+00, -9.4018566608428955e-01 ], [
       6.4059367179870605e+00, 5.1325449943542480e+00,
       -9.3187642097473145e-01 ], [ 6.4022030830383301e+00,
       5.1407518386840820e+00, -1.9318357706069946e+00 ] ] }
   - { id:21, corners:[ [ -1.2493361234664917e+00,
       4.0106267929077148e+00, -1.0089070796966553e+00 ], [
       -1.2408244609832764e+00, 4.0220260620117188e+00,
       -2.0088057518005371e+00 ], [ -1.2486695051193237e+00,
       5.0219306945800781e+00, -1.9974730014801025e+00 ], [
       -1.2571811676025391e+00, 5.0105314254760742e+00,
       -9.9757426977157593e-01 ] ] }
   - { id:22, corners:[ [ -1.2325404882431030e+00,
       1.9560506343841553e+00, -6.9946374893188477e+00 ], [
       -1.2659759521484375e+00, 1.9640462398529053e+00,
       -5.9952287673950195e+00 ], [ -1.2453874349594116e+00,
       9.6429592370986938e-01, -5.9865417480468750e+00 ], [
       -1.2119519710540771e+00, 9.5630025863647461e-01,
       -6.9859504699707031e+00 ] ] }
   - { id:23, corners:[ [ 6.4177937507629395e+00, 2.1628546714782715e+00,
       -5.7738862037658691e+00 ], [ 6.4417634010314941e+00,
       2.1457800865173340e+00, -6.7734527587890625e+00 ], [
       6.4698767662048340e+00, 1.1463329792022705e+00,
       -6.7557063102722168e+00 ], [ 6.4459071159362793e+00,
       1.1634075641632080e+00, -5.7561397552490234e+00 ] ] }
   - { id:24, corners:[ [ 6.3581814765930176e+00, 4.1719784736633301e+00,
       -4.3778371810913086e+00 ], [ 6.3434276580810547e+00,
       4.1701564788818359e+00, -3.3779478073120117e+00 ], [
       6.3264603614807129e+00, 5.1700110435485840e+00,
       -3.3763761520385742e+00 ], [ 6.3412141799926758e+00,
       5.1718330383300781e+00, -4.3762655258178711e+00 ] ] }
   - { id:25, corners:[ [ -1.3245525360107422e+00,
       4.0346508026123047e+00, -3.5591955184936523e+00 ], [
       -1.3008941411972046e+00, 4.0359940528869629e+00,
       -4.5589146614074707e+00 ], [ -1.3130323886871338e+00,
       5.0359201431274414e+00, -4.5578584671020508e+00 ], [
       -1.3366907835006714e+00, 5.0345768928527832e+00,
       -3.5581393241882324e+00 ] ] }
   - { id:26, corners:[ [ 6.3591103553771973e+00,
       -4.8722772598266602e+00, -6.7796883583068848e+00 ], [
       6.3211793899536133e+00, -4.8779230117797852e+00,
       -5.7804241180419922e+00 ], [ 6.3130192756652832e+00,
       -3.8779706954956055e+00, -5.7750840187072754e+00 ], [
       6.3509502410888672e+00, -3.8723247051239014e+00,
       -6.7743482589721680e+00 ] ] }
   - { id:27, corners:[ [ -1.3029690980911255e+00,
       -4.9120063781738281e+00, -6.2110972404479980e+00 ], [
       -1.2768030166625977e+00, -4.9042296409606934e+00,
       -7.2107243537902832e+00 ], [ -1.2853850126266479e+00,
       -3.9042952060699463e+00, -7.2031702995300293e+00 ], [
       -1.3115510940551758e+00, -3.9120717048645020e+00,
       -6.2035431861877441e+00 ] ] }
   - { id:28, corners:[ [ 1.9861860275268555e+00,
       -2.4363434314727783e+00, -1.7088991403579712e-01 ], [
       2.9861152172088623e+00, -2.4415013790130615e+00,
       -1.6015243530273438e-01 ], [ 2.9809226989746094e+00,
       -3.4414827823638916e+00, -1.5696242451667786e-01 ], [
       1.9809935092926025e+00, -3.4363248348236084e+00,
       -1.6769990324974060e-01 ] ] }
   - { id:29, corners:[ [ 2.9421665668487549e+00,
       -2.4398460388183594e+00, -7.7063393592834473e+00 ], [
       1.9422476291656494e+00, -2.4516825675964355e+00,
       -7.7110376358032227e+00 ], [ 1.9540770053863525e+00,
       -3.4516115188598633e+00, -7.7094817161560059e+00 ], [
       2.9539959430694580e+00, -3.4397749900817871e+00,
       -7.7047834396362305e+00 ] ] }
   - { id:36, corners:[ [ -1.4657553434371948e+00,
       -3.7434012889862061e+00, -4.4741306304931641e+00 ], [
       -1.4953539371490479e+00, -3.7618398666381836e+00,
       -3.4747390747070313e+00 ], [ -1.4759048223495483e+00,
       -4.7614912986755371e+00, -3.4926064014434814e+00 ], [
       -1.4463062286376953e+00, -4.7430524826049805e+00,
       -4.4919981956481934e+00 ] ] }
   - { id:37, corners:[ [ 6.3527097702026367e+00,
       -3.8983826637268066e+00, -3.3754036426544189e+00 ], [
       6.3818202018737793e+00, -3.8921084403991699e+00,
       -4.3749599456787109e+00 ], [ 6.3773765563964844e+00,
       -4.8920779228210449e+00, -4.3813667297363281e+00 ], [
       6.3482661247253418e+00, -4.8983521461486816e+00,
       -3.3818099498748779e+00 ] ] }
   - { id:40, corners:[ [ 5.1103001832962036e-01, 3.5166254043579102e+00,
       -7.8954176902770996e+00 ], [ -4.8830285668373108e-01,
       3.4805908203125000e+00, -7.8894662857055664e+00 ], [
       -4.5217892527580261e-01, 2.4813661575317383e+00,
       -7.8738141059875488e+00 ], [ 5.4715394973754883e-01,
       2.5174007415771484e+00, -7.8797655105590820e+00 ] ] }
