%YAML:1.0
---
aruco_bc_dict: ARUCO
aruco_bc_nmarkers: 103
aruco_bc_mInfoType: 1
aruco_bc_markers:
   - { id:0, corners:[ [ -8.0433349609375000e+00,
       -1.4857748031616211e+01, -3.7739474773406982e+00 ], [
       -7.9836606979370117e+00, -1.4916679382324219e+01,
       -2.7774705886840820e+00 ], [ -8.0209712982177734e+00,
       -1.5914369583129883e+01, -2.8342397212982178e+00 ], [
       -8.0806455612182617e+00, -1.5855438232421875e+01,
       -3.8307166099548340e+00 ] ] }
   - { id:1, corners:[ [ 1.0466634035110474e+00, -1.4191859245300293e+01,
       -2.8835721015930176e+00 ], [ 1.0590448379516602e+00,
       -1.4173469543457031e+01, -3.8833262920379639e+00 ], [
       1.0210469961166382e+00, -1.5172570228576660e+01,
       -3.9021744728088379e+00 ], [ 1.0086655616760254e+00,
       -1.5190959930419922e+01, -2.9024202823638916e+00 ] ] }
   - { id:2, corners:[ [ -6.8693757057189941e+00,
       -9.4188337326049805e+00, -4.5531706809997559e+00 ], [
       -6.7939276695251465e+00, -9.4408073425292969e+00,
       -3.5562632083892822e+00 ], [ -6.7949786186218262e+00,
       -1.0440566062927246e+01, -3.5782198905944824e+00 ], [
       -6.8704266548156738e+00, -1.0418592453002930e+01,
       -4.5751276016235352e+00 ] ] }
   - { id:3, corners:[ [ 1.2796291112899780e+00, -1.1104929924011230e+01,
       -3.7118632793426514e+00 ], [ 1.1692070960998535e+00,
       -1.1093694686889648e+01, -4.7056846618652344e+00 ], [
       1.1526197195053101e+00, -1.2093512535095215e+01,
       -4.7151446342468262e+00 ], [ 1.2630417346954346e+00,
       -1.2104747772216797e+01, -3.7213232517242432e+00 ] ] }
   - { id:4, corners:[ [ -6.3688945770263672e+00,
       -8.9365518093109131e-01, -3.9416348934173584e+00 ], [
       -6.3170967102050781e+00, -8.9411944150924683e-01,
       -2.9429774284362793e+00 ], [ -6.3280410766601563e+00,
       -1.8940595388412476e+00, -2.9428746700286865e+00 ], [
       -6.3798389434814453e+00, -1.8935952186584473e+00,
       -3.9415321350097656e+00 ] ] }
   - { id:5, corners:[ [ 8.0106371641159058e-01, -3.1609170436859131e+00,
       -3.2504324913024902e+00 ], [ 7.0339286327362061e-01,
       -3.1264848709106445e+00, -4.2450556755065918e+00 ], [
       6.7890781164169312e-01, -4.1256666183471680e+00,
       -4.2772412300109863e+00 ], [ 7.7657866477966309e-01,
       -4.1600990295410156e+00, -3.2826182842254639e+00 ] ] }
   - { id:6, corners:[ [ -2.6308741569519043e+00,
       -1.8742332458496094e+01, -8.2259597778320313e+00 ], [
       -3.6307115554809570e+00, -1.8724290847778320e+01,
       -8.2256774902343750e+00 ], [ -3.6486868858337402e+00,
       -1.9718906402587891e+01, -8.3277359008789063e+00 ], [
       -2.6488494873046875e+00, -1.9736948013305664e+01,
       -8.3280181884765625e+00 ] ] }
   - { id:7, corners:[ [ -3.6806974411010742e+00,
       -1.7407194137573242e+01, -1.0989832878112793e-01 ], [
       -2.6816799640655518e+00, -1.7448507308959961e+01,
       -1.2593963742256165e-01 ], [ -2.7231564521789551e+00,
       -1.8447595596313477e+01, -1.3592475652694702e-01 ], [
       -3.7221739292144775e+00, -1.8406282424926758e+01,
       -1.1988344043493271e-01 ] ] }
   - { id:8, corners:[ [ 1.1913498640060425e+00, -8.8062448501586914e+00,
       -3.1630072593688965e+00 ], [ 1.1432334184646606e+00,
       -8.8190164566040039e+00, -4.1617670059204102e+00 ], [
       1.1042402982711792e+00, -9.8181486129760742e+00,
       -4.1471118927001953e+00 ], [ 1.1523567438125610e+00,
       -9.8053770065307617e+00, -3.1483519077301025e+00 ] ] }
   - { id:9, corners:[ [ -6.5221190452575684e+00,
       -5.6993083953857422e+00, -4.7370295524597168e+00 ], [
       -6.4924235343933105e+00, -5.7010712623596191e+00,
       -3.7374722957611084e+00 ], [ -6.5158295631408691e+00,
       -6.7007970809936523e+00, -3.7385399341583252e+00 ], [
       -6.5455250740051270e+00, -6.6990342140197754e+00,
       -4.7380976676940918e+00 ] ] }
   - { id:10, corners:[ [ 1.5920482873916626e+00, 1.4631676673889160e+00,
       -3.4342494010925293e+00 ], [ 1.5614417791366577e+00,
       1.4634659290313721e+00, -4.4337806701660156e+00 ], [
       1.5498784780502319e+00, 4.6353286504745483e-01,
       -4.4337253570556641e+00 ], [ 1.5804849863052368e+00,
       4.6323448419570923e-01, -3.4341938495635986e+00 ] ] }
   - { id:11, corners:[ [ -6.0228176116943359e+00,
       3.2218320369720459e+00, -4.7434477806091309e+00 ], [
       -5.9827394485473633e+00, 3.1971130371093750e+00,
       -3.7445571422576904e+00 ], [ -5.9952487945556641e+00,
       2.1974852085113525e+00, -3.7687923908233643e+00 ], [
       -6.0353269577026367e+00, 2.2222042083740234e+00,
       -4.7676830291748047e+00 ] ] }
   - { id:12, corners:[ [ -1.1255981922149658e+00,
       -4.5248746871948242e+00, -9.0741395950317383e+00 ], [
       -2.1248357295989990e+00, -4.5357189178466797e+00,
       -9.1116466522216797e+00 ], [ -2.1140210628509521e+00,
       -5.5356597900390625e+00, -9.1106672286987305e+00 ], [
       -1.1147835254669189e+00, -5.5248155593872070e+00,
       -9.0731601715087891e+00 ] ] }
   - { id:13, corners:[ [ -3.7702250480651855e-01,
       -2.5341002941131592e+00, -5.5602103471755981e-01 ], [
       6.2093365192413330e-01, -2.5405449867248535e+00,
       -6.1959761381149292e-01 ], [ 6.1494648456573486e-01,
       -3.5404999256134033e+00, -6.1221176385879517e-01 ], [
       -3.8300967216491699e-01, -3.5340552330017090e+00,
       -5.4863518476486206e-01 ] ] }
   - { id:14, corners:[ [ -3.4142656326293945e+00,
       -1.1360881805419922e+01, 1.9272656738758087e-01 ], [
       -2.4148268699645996e+00, -1.1394040107727051e+01,
       1.8797101080417633e-01 ], [ -2.4480147361755371e+00,
       -1.2393470764160156e+01, 1.8184746801853180e-01 ], [
       -3.4474534988403320e+00, -1.2360312461853027e+01,
       1.8660302460193634e-01 ] ] }
   - { id:15, corners:[ [ -3.9909946918487549e+00,
       -1.2720933914184570e+01, -7.5496258735656738e+00 ], [
       -4.9908876419067383e+00, -1.2706389427185059e+01,
       -7.5480675697326660e+00 ], [ -5.0054388046264648e+00,
       -1.3706274032592773e+01, -7.5523800849914551e+00 ], [
       -4.0055456161499023e+00, -1.3720818519592285e+01,
       -7.5539383888244629e+00 ] ] }
   - { id:16, corners:[ [ 5.8702462911605835e-01, 3.4883874654769897e-01,
       -7.4735660552978516e+00 ], [ -4.1290152072906494e-01,
       3.5870617628097534e-01, -7.4806632995605469e+00 ], [
       -4.2267209291458130e-01, -6.4115405082702637e-01,
       -7.4942255020141602e+00 ], [ 5.7725405693054199e-01,
       -6.5102154016494751e-01, -7.4871282577514648e+00 ] ] }
   - { id:17, corners:[ [ -5.0000000000000000e-01,
       5.0000000000000000e-01, 0. ], [ 5.0000000000000000e-01,
       5.0000000000000000e-01, 0. ], [ 5.0000000000000000e-01,
       -5.0000000000000000e-01, 0. ], [ -5.0000000000000000e-01,
       -5.0000000000000000e-01, 0. ] ] }
   - { id:18, corners:[ [ 1.0935086011886597e+00,
       -1.9472644805908203e+01, -4.9917659759521484e+00 ], [
       1.0821046829223633e+00, -1.9480093002319336e+01,
       -5.9916734695434570e+00 ], [ 1.0608829259872437e+00,
       -2.0479839324951172e+01, -5.9839839935302734e+00 ], [
       1.0722868442535400e+00, -2.0472391128540039e+01,
       -4.9840764999389648e+00 ] ] }
   - { id:19, corners:[ [ -6.7365031242370605e+00,
       -1.7746431350708008e+01, -7.5773553848266602e+00 ], [
       -6.7162218093872070e+00, -1.7776605606079102e+01,
       -6.5780162811279297e+00 ], [ -6.7419228553771973e+00,
       -1.8775835037231445e+01, -6.6076660156250000e+00 ], [
       -6.7622041702270508e+00, -1.8745660781860352e+01,
       -7.6070051193237305e+00 ] ] }
   - { id:20, corners:[ [ -9.1648662090301514e-01,
       -1.4410642623901367e+01, -1.6960795223712921e-01 ], [
       8.3425402641296387e-02, -1.4419392585754395e+01,
       -1.5963694453239441e-01 ], [ 7.4926882982254028e-02,
       -1.5419046401977539e+01, -1.8454433977603912e-01 ], [
       -9.2498517036437988e-01, -1.5410296440124512e+01,
       -1.9451534748077393e-01 ] ] }
