%YAML:1.0
---
aruco_bc_dict: ARUCO
aruco_bc_nmarkers: 107
aruco_bc_mInfoType: 1
aruco_bc_markers:
   - { id:0, corners:[ [ 1.6189827919006348e+00, 6.6493287086486816e+00,
       -7.7733308076858521e-01 ], [ 2.6188693046569824e+00,
       6.6632885932922363e+00, -7.7169585227966309e-01 ], [
       2.6327247619628906e+00, 5.6635489463806152e+00,
       -7.5356453657150269e-01 ], [ 1.6328381299972534e+00,
       5.6495890617370605e+00, -7.5920176506042480e-01 ] ] }
   - { id:1, corners:[ [ 2.8343091011047363e+00, 6.4816761016845703e+00,
       -7.5519027709960938e+00 ], [ 1.8345024585723877e+00,
       6.4755282402038574e+00, -7.5705857276916504e+00 ], [
       1.8407713174819946e+00, 5.4755687713623047e+00,
       -7.5770015716552734e+00 ], [ 2.8405778408050537e+00,
       5.4817166328430176e+00, -7.5583186149597168e+00 ] ] }
   - { id:2, corners:[ [ 1.7005615234375000e+00, 9.5492124557495117e+00,
       -5.3797429800033569e-01 ], [ 2.6999015808105469e+00,
       9.5710010528564453e+00, -5.6703144311904907e-01 ], [
       2.7218413352966309e+00, 8.5712537765502930e+00,
       -5.6216257810592651e-01 ], [ 1.7225011587142944e+00,
       8.5494651794433594e+00, -5.3310543298721313e-01 ] ] }
   - { id:3, corners:[ [ 2.5722260475158691e+00, 9.5442419052124023e+00,
       -7.6017627716064453e+00 ], [ 1.5747107267379761e+00,
       9.4950428009033203e+00, -7.6521868705749512e+00 ], [
       1.6246762275695801e+00, 8.4963903427124023e+00,
       -7.6662368774414063e+00 ], [ 2.6221914291381836e+00,
       8.5455894470214844e+00, -7.6158127784729004e+00 ] ] }
   - { id:4, corners:[ [ 6.0779838562011719e+00, 2.5241689682006836e+00,
       -1.4119808673858643e+00 ], [ 6.0714588165283203e+00,
       2.5215947628021240e+00, -2.4119563102722168e+00 ], [
       6.0957479476928711e+00, 1.5218925476074219e+00,
       -2.4095413684844971e+00 ], [ 6.1022729873657227e+00,
       1.5244668722152710e+00, -1.4095659255981445e+00 ] ] }
   - { id:5, corners:[ [ -1.2314081192016602e+00, 1.7875723838806152e+00,
       -1.4946925640106201e+00 ], [ -1.2809246778488159e+00,
       1.7989308834075928e+00, -4.9598377943038940e-01 ], [
       -1.2325828075408936e+00, 8.0019474029541016e-01,
       -4.8222821950912476e-01 ], [ -1.1830662488937378e+00,
       7.8883624076843262e-01, -1.4809370040893555e+00 ] ] }
   - { id:6, corners:[ [ -1.2491605281829834e+00, 1.7967054843902588e+00,
       -3.7840788364410400e+00 ], [ -1.3116896152496338e+00,
       1.8021688461303711e+00, -2.7860505580902100e+00 ], [
       -1.2739381790161133e+00, 8.0291247367858887e-01,
       -2.7782151699066162e+00 ], [ -1.2114090919494629e+00,
       7.9744905233383179e-01, -3.7762434482574463e+00 ] ] }
   - { id:7, corners:[ [ 5.8826031684875488e+00, 1.8966581821441650e+00,
       -4.1353020668029785e+00 ], [ 5.8747758865356445e+00,
       1.8715128898620605e+00, -5.1349554061889648e+00 ], [
       5.8913912773132324e+00, 8.7196379899978638e-01,
       -5.1099429130554199e+00 ], [ 5.8992185592651367e+00,
       8.9710909128189087e-01, -4.1102895736694336e+00 ] ] }
   - { id:8, corners:[ [ -1.2472850084304810e+00, 1.8136010169982910e+00,
       -6.1415548324584961e+00 ], [ -1.2897907495498657e+00,
       1.8061180114746094e+00, -5.1424865722656250e+00 ], [
       -1.2265955209732056e+00, 8.0812829732894897e-01,
       -5.1472730636596680e+00 ], [ -1.1840897798538208e+00,
       8.1561136245727539e-01, -6.1463413238525391e+00 ] ] }
   - { id:9, corners:[ [ 6.0090374946594238e+00, 2.4510817527770996e+00,
       -6.3989911079406738e+00 ], [ 5.9888763427734375e+00,
       2.4396736621856689e+00, -7.3987226486206055e+00 ], [
       6.0248570442199707e+00, 1.4403781890869141e+00,
       -7.3880448341369629e+00 ], [ 6.0450181961059570e+00,
       1.4517862796783447e+00, -6.3883132934570313e+00 ] ] }
   - { id:10, corners:[ [ -4.8954325914382935e-01,
       6.9737334251403809e+00, -1.3174319267272949e+00 ], [
       -5.1538491249084473e-01, 6.9735865592956543e+00,
       -3.1776595115661621e-01 ], [ -4.7742885351181030e-01,
       5.9743075370788574e+00, -3.1693190336227417e-01 ], [
       -4.5158720016479492e-01, 5.9744544029235840e+00,
       -1.3165979385375977e+00 ] ] }
   - { id:11, corners:[ [ 5.9077887535095215e+00, 8.1686611175537109e+00,
       -1.4231026172637939e+00 ], [ 5.9029359817504883e+00,
       8.1462478637695313e+00, -2.4228396415710449e+00 ], [
       5.9220356941223145e+00, 7.1466789245605469e+00,
       -2.4005224704742432e+00 ], [ 5.9268884658813477e+00,
       7.1690926551818848e+00, -1.4007854461669922e+00 ] ] }
   - { id:12, corners:[ [ 5.0415248870849609e+00, 9.5496578216552734e+00,
       -7.2856283187866211e+00 ], [ 4.0445914268493652e+00,
       9.4792461395263672e+00, -7.3197731971740723e+00 ], [
       4.1148481369018555e+00, 8.4817333221435547e+00,
       -7.3140544891357422e+00 ], [ 5.1117815971374512e+00,
       8.5521450042724609e+00, -7.2799096107482910e+00 ] ] }
   - { id:13, corners:[ [ 4.0456075668334961e+00, 9.4787168502807617e+00,
       -1.2137772887945175e-01 ], [ 5.0436339378356934e+00,
       9.5330724716186523e+00, -8.9945822954177856e-02 ], [
       5.0975494384765625e+00, 8.5346345901489258e+00,
       -7.5264953076839447e-02 ], [ 4.0995230674743652e+00,
       8.4802789688110352e+00, -1.0669685900211334e-01 ] ] }
   - { id:14, corners:[ [ 5.7336230278015137e+00, 8.3947553634643555e+00,
       -4.2080559730529785e+00 ], [ 5.7304224967956543e+00,
       8.3752670288085938e+00, -5.2078609466552734e+00 ], [
       5.7658486366271973e+00, 7.3760824203491211e+00,
       -5.1884989738464355e+00 ], [ 5.7690491676330566e+00,
       7.3955702781677246e+00, -4.1886940002441406e+00 ] ] }
   - { id:15, corners:[ [ -1.0358911752700806e+00,
       7.5821905136108398e+00, -3.7935752868652344e+00 ], [
       -1.0793849229812622e+00, 7.5868954658508301e+00,
       -2.7945327758789063e+00 ], [ -1.0478328466415405e+00,
       6.5874118804931641e+00, -2.7884521484375000e+00 ], [
       -1.0043390989303589e+00, 6.5827069282531738e+00,
       -3.7874946594238281e+00 ] ] }
   - { id:16, corners:[ [ 5.4714074134826660e+00, 3.4897680282592773e+00,
       -7.2268571853637695e+00 ], [ 4.4732542037963867e+00,
       3.4530196189880371e+00, -7.2752318382263184e+00 ], [
       4.5098061561584473e+00, 2.4537000656127930e+00,
       -7.2702846527099609e+00 ], [ 5.5079593658447266e+00,
       2.4904484748840332e+00, -7.2219099998474121e+00 ] ] }
   - { id:17, corners:[ [ 4.4142007827758789e+00, 3.6442446708679199e+00,
       -4.4408649206161499e-02 ], [ 5.4130678176879883e+00,
       3.6843776702880859e+00, -6.9981016218662262e-02 ], [
       5.4534168243408203e+00, 2.6852240562438965e+00,
       -6.1988748610019684e-02 ], [ 4.4545497894287109e+00,
       2.6450910568237305e+00, -3.6416381597518921e-02 ] ] }
   - { id:18, corners:[ [ 6.7581152915954590e-01, 3.0630049109458923e-01,
       -7.2401247024536133e+00 ], [ -3.2152125239372253e-01,
       2.4116554856300354e-01, -7.2730598449707031e+00 ], [
       -2.5758787989616394e-01, -7.5612795352935791e-01,
       -7.2367534637451172e+00 ], [ 7.3974490165710449e-01,
       -6.9099307060241699e-01, -7.2038183212280273e+00 ] ] }
   - { id:19, corners:[ [ -5.0000000000000000e-01,
       5.0000000000000000e-01, 0. ], [ 5.0000000000000000e-01,
       5.0000000000000000e-01, 0. ], [ 5.0000000000000000e-01,
       -5.0000000000000000e-01, 0. ], [ -5.0000000000000000e-01,
       -5.0000000000000000e-01, 0. ] ] }
   - { id:20, corners:[ [ 5.8859882354736328e+00, 5.2661156654357910e+00,
       -6.7611565589904785e+00 ], [ 5.8902983665466309e+00,
       5.2725925445556641e+00, -7.7611260414123535e+00 ], [
       5.9024620056152344e+00, 4.2726874351501465e+00,
       -7.7675499916076660e+00 ], [ 5.8981518745422363e+00,
       4.2662105560302734e+00, -6.7675805091857910e+00 ] ] }
   - { id:21, corners:[ [ -1.1052901744842529e+00,
       4.7340464591979980e+00, -6.3195691108703613e+00 ], [
       -1.1374725103378296e+00, 4.7306704521179199e+00,
