%YAML:1.0
---
aruco_bc_dict: ARUCO
aruco_bc_nmarkers: 108
aruco_bc_mInfoType: 1
aruco_bc_markers:
   - { id:0, corners:[ [ -1.2052892446517944e+00, 5.0591044425964355e+00,
       -4.2750701904296875e+00 ], [ -1.1912115812301636e+00,
       5.0352253913879395e+00, -3.2754547595977783e+00 ], [
       -1.2047404050827026e+00, 4.0355973243713379e+00,
       -3.2991435527801514e+00 ], [ -1.2188180685043335e+00,
       4.0594763755798340e+00, -4.2987594604492188e+00 ] ] }
   - { id:1, corners:[ [ 6.2928600311279297e+00, 4.9780368804931641e+00,
       -3.4285831451416016e+00 ], [ 6.2656936645507813e+00,
       5.0061469078063965e+00, -4.4278187751770020e+00 ], [
       6.2456398010253906e+00, 4.0067281723022461e+00,
       -4.4553885459899902e+00 ], [ 6.2728061676025391e+00,
       3.9786181449890137e+00, -3.4561529159545898e+00 ] ] }
   - { id:2, corners:[ [ -1.1732583045959473e+00, 8.0623798370361328e+00,
       -4.2527747154235840e+00 ], [ -1.1473808288574219e+00,
       8.0467901229858398e+00, -3.2532312870025635e+00 ], [
       -1.1456544399261475e+00, 7.0469141006469727e+00,
       -3.2688713073730469e+00 ], [ -1.1715319156646729e+00,
       7.0625038146972656e+00, -4.2684144973754883e+00 ] ] }
   - { id:3, corners:[ [ 6.2806034088134766e+00, 8.0428810119628906e+00,
       -3.4309346675872803e+00 ], [ 6.2511463165283203e+00,
       8.0258502960205078e+00, -4.4303555488586426e+00 ], [
       6.2545452117919922e+00, 7.0259995460510254e+00,
       -4.4134173393249512e+00 ], [ 6.2840023040771484e+00,
       7.0430307388305664e+00, -3.4139962196350098e+00 ] ] }
   - { id:4, corners:[ [ -5.0000000000000000e-01, 5.0000000000000000e-01,
       0. ], [ 5.0000000000000000e-01, 5.0000000000000000e-01, 0. ], [
       5.0000000000000000e-01, -5.0000000000000000e-01, 0. ], [
       -5.0000000000000000e-01, -5.0000000000000000e-01, 0. ] ] }
   - { id:5, corners:[ [ 2.9691869020462036e-01, 5.5284541845321655e-01,
       -7.7841172218322754e+00 ], [ -7.0301342010498047e-01,
       5.6371432542800903e-01, -7.7799186706542969e+00 ], [
       -7.1389538049697876e-01, -4.3622165918350220e-01,
       -7.7830271720886230e+00 ], [ 2.8603672981262207e-01,
       -4.4709056615829468e-01, -7.7872257232666016e+00 ] ] }
   - { id:6, corners:[ [ 2.7346901893615723e+00, 5.7055509090423584e-01,
       -7.7825427055358887e+00 ], [ 1.7347675561904907e+00,
       5.7185709476470947e-01, -7.7701802253723145e+00 ], [
       1.7332786321640015e+00, -4.2802751064300537e-01,
       -7.7852978706359863e+00 ], [ 2.7332015037536621e+00,
       -4.2932951450347900e-01, -7.7976603507995605e+00 ] ] }
   - { id:7, corners:[ [ 1.9326691627502441e+00, 5.0836473703384399e-01,
       -1.7649028450250626e-02 ], [ 2.9322943687438965e+00,
       4.8385050892829895e-01, -2.9836963862180710e-02 ], [
       2.9076800346374512e+00, -5.1581341028213501e-01,
       -3.7965439260005951e-02 ], [ 1.9080548286437988e+00,
       -4.9129924178123474e-01, -2.5777503848075867e-02 ] ] }
   - { id:8, corners:[ [ 6.2284922599792480e+00, 1.1025333404541016e+01,
       -3.4260761737823486e+00 ], [ 6.2322220802307129e+00,
       1.1024816513061523e+01, -4.4260692596435547e+00 ], [
       6.2152018547058105e+00, 1.0024961471557617e+01,
       -4.4256157875061035e+00 ], [ 6.2114720344543457e+00,
       1.0025478363037109e+01, -3.4256229400634766e+00 ] ] }
   - { id:9, corners:[ [ -1.1812121868133545e+00, 1.1033314704895020e+01,
       -4.4121541976928711e+00 ], [ -1.2036560773849487e+00,
       1.1029019355773926e+01, -3.4124150276184082e+00 ], [
       -1.2112300395965576e+00, 1.0029057502746582e+01,
       -3.4168817996978760e+00 ], [ -1.1887861490249634e+00,
       1.0033352851867676e+01, -4.4166207313537598e+00 ] ] }
   - { id:10, corners:[ [ 3.5861831903457642e-01, 6.5860605239868164e+00,
       -7.6824417114257813e+00 ], [ -6.4098173379898071e-01,
       6.5845952033996582e+00, -7.6542005538940430e+00 ], [
       -6.4007776975631714e-01, 5.5847930908203125e+00,
       -7.6740818023681641e+00 ], [ 3.5952228307723999e-01,
       5.5862584114074707e+00, -7.7023229598999023e+00 ] ] }
   - { id:11, corners:[ [ -4.2013764381408691e-01,
       6.4897270202636719e+00, 7.8760743141174316e-02 ], [
       5.7947409152984619e-01, 6.4664568901062012e+00,
       6.3433930277824402e-02 ], [ 5.5601519346237183e-01,
       5.4668073654174805e+00, 5.1173239946365356e-02 ], [
       -4.4359651207923889e-01, 5.4900774955749512e+00,
       6.6500052809715271e-02 ] ] }
   - { id:12, corners:[ [ 6.3091912269592285e+00, 8.0208473205566406e+00,
       -9.8823273181915283e-01 ], [ 6.2793860435485840e+00,
       8.0032157897949219e+00, -1.9876328706741333e+00 ], [
       6.2745366096496582e+00, 7.0033860206604004e+00,
       -1.9698492288589478e+00 ], [ 6.3043417930603027e+00,
       7.0210175514221191e+00, -9.7044909000396729e-01 ] ] }
   - { id:13, corners:[ [ -1.1268411874771118e+00,
       8.0613222122192383e+00, -1.7125840187072754e+00 ], [
       -1.0941377878189087e+00, 8.0613842010498047e+00,
       -7.1311885118484497e-01 ], [ -1.1039987802505493e+00,
       7.0614328384399414e+00, -7.1273428201675415e-01 ], [
       -1.1367021799087524e+00, 7.0613708496093750e+00,
       -1.7121994495391846e+00 ] ] }
   - { id:14, corners:[ [ 2.0684795379638672e+00, 6.4996399879455566e+00,
       8.8770553469657898e-02 ], [ 3.0681526660919189e+00,
       6.4816799163818359e+00, 7.0574827492237091e-02 ], [
       3.0501446723937988e+00, 5.4818453788757324e+00,
       6.8096995353698730e-02 ], [ 2.0504715442657471e+00,
       5.4998054504394531e+00, 8.6292721331119537e-02 ] ] }
   - { id:15, corners:[ [ 2.9251043796539307e+00, 6.5691580772399902e+00,
       -7.6887712478637695e+00 ], [ 1.9251743555068970e+00,
       6.5708227157592773e+00, -7.6770610809326172e+00 ], [
       1.9232833385467529e+00, 5.5710120201110840e+00,
       -7.6964282989501953e+00 ], [ 2.9232134819030762e+00,
       5.5693473815917969e+00, -7.7081384658813477e+00 ] ] }
   - { id:16, corners:[ [ 6.2070508003234863e+00, 1.9313235282897949e+00,
       -1.0224788188934326e+00 ], [ 6.1742048263549805e+00,
       1.9386703968048096e+00, -2.0219120979309082e+00 ], [
       6.1668305397033691e+00, 9.3872290849685669e-01,
       -2.0290205478668213e+00 ], [ 6.1996765136718750e+00,
       9.3137592077255249e-01, -1.0295871496200562e+00 ] ] }
   - { id:17, corners:[ [ -1.2429773807525635e+00,
       2.0099329948425293e+00, -1.7116965055465698e+00 ], [
       -1.2155395746231079e+00, 2.0202162265777588e+00,
       -7.1212589740753174e-01 ], [ -1.2231402397155762e+00,
       1.0203002691268921e+00, -7.0163047313690186e-01 ], [
       -1.2505780458450317e+00, 1.0100171566009521e+00,
       -1.7012010812759399e+00 ] ] }
   - { id:18, corners:[ [ 6.0450091361999512e+00,
       -1.0065636634826660e+00, -6.0200910568237305e+00 ], [
       6.0208730697631836e+00, -1.0104991197586060e+00,
       -7.0197916030883789e+00 ], [ 6.0082879066467285e+00,
       -2.0104110240936279e+00, -7.0155515670776367e+00 ], [
       6.0324239730834961e+00, -2.0064756870269775e+00,
       -6.0158510208129883e+00 ] ] }
   - { id:19, corners:[ [ -1.4196002483367920e+00,
       -9.7204035520553589e-01, -6.7009425163269043e+00 ], [
       -1.3793411254882813e+00, -1.0105974674224854e+00,
       -5.7024974822998047e+00 ], [ -1.3807861804962158e+00,
       -2.0098538398742676e+00, -5.7410273551940918e+00 ], [
       -1.4210453033447266e+00, -1.9712967872619629e+00,
       -6.7394723892211914e+00 ] ] }
   - { id:20, corners:[ [ 4.5699172019958496e+00, 3.4174082279205322e+00,
       4.7064058482646942e-02 ], [ 5.5698661804199219e+00,
       3.4243841171264648e+00, 3.9727225899696350e-02 ], [
       5.5766663551330566e+00, 2.4246876239776611e+00,
       1.6045548021793365e-02 ], [ 4.5767173767089844e+00,
       2.4177117347717285e+00, 2.3382382467389107e-02 ] ] }
   - { id:21, corners:[ [ 5.4113469123840332e+00, 3.5533227920532227e+00,
       -7.7561860084533691e+00 ], [ 4.4115324020385742e+00,
