%YAML:1.0
---
aruco_bc_dict: ARUCO
aruco_bc_nmarkers: 30
aruco_bc_mInfoType: 1
aruco_bc_markers:
   - { id:0, corners:[ [ 6.0903199017047882e-02, -3.9522998034954071e-02,
       -2.8139375150203705e-02 ], [ 6.1722598969936371e-02,
       -3.9743863046169281e-02, -3.8103297352790833e-02 ], [
       6.1814658343791962e-02, -4.9740813672542572e-02,
       -3.7874132394790649e-02 ], [ 6.0995258390903473e-02,
       -4.9519948661327362e-02, -2.7910208329558372e-02 ] ] }
   - { id:1, corners:[ [ -1.3880147598683834e-02,
       -3.9537705481052399e-02, -4.4223103672266006e-02 ], [
       -1.4711995609104633e-02, -3.9325028657913208e-02,
       -3.4260030835866928e-02 ], [ -1.4780753292143345e-02,
       -4.9322634935379028e-02, -3.4052360802888870e-02 ], [
       -1.3948905281722546e-02, -4.9535311758518219e-02,
       -4.4015433639287949e-02 ] ] }
   - { id:2, corners:[ [ 6.0694299638271332e-02, -6.9491304457187653e-02,
       -5.4283500649034977e-03 ], [ 6.0901466757059097e-02,
       -6.9645054638385773e-02, -1.5425020828843117e-02 ], [
       6.0768939554691315e-02, -7.9643033444881439e-02,
       -1.5273993834853172e-02 ], [ 6.0561772435903549e-02,
       -7.9489283263683319e-02, -5.2773221395909786e-03 ] ] }
   - { id:3, corners:[ [ -1.1645740829408169e-02,
       -7.1781285107135773e-02, -1.5492633916437626e-02 ], [
       -1.1470228433609009e-02, -7.2087876498699188e-02,
       -5.4988767951726913e-03 ], [ -1.1860166676342487e-02,
       -8.2075782120227814e-02, -5.7984413579106331e-03 ], [
       -1.2035679072141647e-02, -8.1769190728664398e-02,
       -1.5792198479175568e-02 ] ] }
   - { id:4, corners:[ [ -4.9999998882412910e-03, 4.9999998882412910e-03,
       0. ], [ 4.9999998882412910e-03, 4.9999998882412910e-03, 0. ], [
       4.9999998882412910e-03, -4.9999998882412910e-03, 0. ], [
       -4.9999998882412910e-03, -4.9999998882412910e-03, 0. ] ] }
   - { id:5, corners:[ [ 4.4114990159869194e-03, 5.0634657964110374e-03,
       -7.5674459338188171e-02 ], [ -5.5883424356579781e-03,
       5.0949947908520699e-03, -7.5721114873886108e-02 ], [
       -5.6196935474872589e-03, -4.9048829823732376e-03,
       -7.5759336352348328e-02 ], [ 4.3801479041576385e-03,
       -4.9364119768142700e-03, -7.5712680816650391e-02 ] ] }
   - { id:6, corners:[ [ 2.8674423694610596e-02, 5.1945494487881660e-03,
       -7.9504095017910004e-02 ], [ 1.8674466758966446e-02,
       5.1913531497120857e-03, -7.9533122479915619e-02 ], [
       1.8677983433008194e-02, -4.8080328851938248e-03,
       -7.9643823206424713e-02 ], [ 2.8677940368652344e-02,
       -4.8048365861177444e-03, -7.9614795744419098e-02 ] ] }
   - { id:7, corners:[ [ 1.8973242491483688e-02, 5.1926583983004093e-03,
       -3.9329612627625465e-03 ], [ 2.8971090912818909e-02,
       4.9869189970195293e-03, -3.9057575631886721e-03 ], [
       2.8765324503183365e-02, -5.0109592266380787e-03,
       -3.8960452657192945e-03 ], [ 1.8767476081848145e-02,
       -4.8052198253571987e-03, -3.9232489652931690e-03 ] ] }
   - { id:8, corners:[ [ 5.3624313324689865e-02, 4.9877534620463848e-03,
       -7.2608567774295807e-02 ], [ 4.3626543134450912e-02,
       4.9218307249248028e-03, -7.2809137403964996e-02 ], [
       4.3689724057912827e-02, -5.0770328380167484e-03,
       -7.2672255337238312e-02 ], [ 5.3687494248151779e-02,
       -5.0111101008951664e-03, -7.2471685707569122e-02 ] ] }
   - { id:9, corners:[ [ 4.3783701956272125e-02, 4.6550440602004528e-03,
       2.5191125459969044e-03 ], [ 5.3772538900375366e-02,
       4.7878962941467762e-03, 2.9724633786827326e-03 ], [
       5.3896367549896240e-02, -5.2093095146119595e-03,
       3.1737927347421646e-03 ], [ 4.3907530605792999e-02,
       -5.3421617485582829e-03, 2.7204419020563364e-03 ] ] }
   - { id:10, corners:[ [ 4.5922268182039261e-03,
       -5.4691448807716370e-02, -7.3029622435569763e-02 ], [
       -5.3889146074652672e-03, -5.4658275097608566e-02,
       -7.3642574250698090e-02 ], [ -5.4216533899307251e-03,
       -6.4658217132091522e-02, -7.3650628328323364e-02 ], [
       4.5594880357384682e-03, -6.4691387116909027e-02,
       -7.3037676513195038e-02 ] ] }
   - { id:11, corners:[ [ -8.8801886886358261e-03,
       -5.4447837173938751e-02, 1.5727784484624863e-03 ], [
       1.0973419994115829e-03, -5.4684054106473923e-02,
       2.1997434087097645e-03 ], [ 8.6713116616010666e-04,
       -6.4680874347686768e-02, 2.0969032775610685e-03 ], [
       -9.1103995218873024e-03, -6.4444661140441895e-02,
       1.4699383173137903e-03 ] ] }
   - { id:12, corners:[ [ -1.2405370362102985e-02,
       -6.9402411580085754e-02, -6.7288212478160858e-02 ], [
       -1.3195701874792576e-02, -6.9649361073970795e-02,
       -5.7322554290294647e-02 ], [ -1.3348213396966457e-02,
       -7.9644829034805298e-02, -5.7582337409257889e-02 ], [
       -1.2557881884276867e-02, -7.9397879540920258e-02,
       -6.7547999322414398e-02 ] ] }
   - { id:13, corners:[ [ 6.2242690473794937e-02,
       -6.9709427654743195e-02, -5.1463596522808075e-02 ], [
       6.3110060989856720e-02, -6.9682516157627106e-02,
       -6.1425872147083282e-02 ], [ 6.3172012567520142e-02,
       -7.9682298004627228e-02, -6.1447493731975555e-02 ], [
       6.2304638326168060e-02, -7.9709209501743317e-02,
       -5.1485218107700348e-02 ] ] }
   - { id:14, corners:[ [ 1.7803341150283813e-02,
       -5.4474633187055588e-02, 2.6077309157699347e-03 ], [
       2.7799801900982857e-02, -5.4641369730234146e-02,
       2.8149902354925871e-03 ], [ 2.7630347758531570e-02,
       -6.4639084041118622e-02, 2.9450294096022844e-03 ], [
       1.7633887007832527e-02, -6.4472354948520660e-02,
       2.7377700898796320e-03 ] ] }
   - { id:15, corners:[ [ 3.0043201521039009e-02,
       -5.5053044110536575e-02, -7.2296053171157837e-02 ], [
       2.0050864666700363e-02, -5.5017493665218353e-02,
       -7.2685845196247101e-02 ], [ 2.0019283518195152e-02,
       -6.5016917884349823e-02, -7.2788253426551819e-02 ], [
       3.0011620372533798e-02, -6.5052472054958344e-02,
       -7.2398461401462555e-02 ] ] }
   - { id:16, corners:[ [ -1.3719957321882248e-02,
       -9.6756014972925186e-03, -7.0803031325340271e-02 ], [
       -1.4518217183649540e-02, -9.7085554152727127e-03,
       -6.0835000127553940e-02 ], [ -1.4631681144237518e-02,
       -1.9707823172211647e-02, -6.0877144336700439e-02 ], [
       -1.3833421282470226e-02, -1.9674869254231453e-02,
       -7.0845179259777069e-02 ] ] }
   - { id:17, corners:[ [ 6.0607578605413437e-02,
       -1.0108595713973045e-02, -5.5451516062021255e-02 ], [
       6.1474617570638657e-02, -9.8073147237300873e-03,
       -6.5409302711486816e-02 ], [ 6.1454083770513535e-02,
       -1.9802665337920189e-02, -6.5713502466678619e-02 ], [
       6.0587044805288315e-02, -2.0103946328163147e-02,
       -5.5755723267793655e-02 ] ] }
   - { id:20, corners:[ [ 3.9226382970809937e-02,
       -2.5118459016084671e-02, 1.4611778315156698e-03 ], [
       4.9105998128652573e-02, -2.5114862248301506e-02,
       3.0081586446613073e-03 ], [ 4.9134448170661926e-02,
       -3.5113565623760223e-02, 2.8497159946709871e-03 ], [
       3.9254833012819290e-02, -3.5117164254188538e-02,
       1.3027351815253496e-03 ] ] }
   - { id:21, corners:[ [ 6.0953900218009949e-02,
       -2.4798184633255005e-02, -7.1762181818485260e-02 ], [
       5.1071744412183762e-02, -2.4855371564626694e-02,
       -7.3291800916194916e-02 ], [ 5.1106609404087067e-02,
       -3.4854207187891006e-02, -7.3143236339092255e-02 ], [
       6.0988765209913254e-02, -3.4797020256519318e-02,
       -7.1613617241382599e-02 ] ] }
   - { id:22, corners:[ [ -1.4870016835629940e-02,
       -1.0191943496465683e-02, -4.5274872332811356e-02 ], [
       -1.5436574816703796e-02, -1.0015960782766342e-02,
       -3.5292483866214752e-02 ], [ -1.5656456351280212e-02,
       -2.0012201741337776e-02, -3.5128738731145859e-02 ], [
       -1.5089897438883781e-02, -2.0188184455037117e-02,
       -4.5111127197742462e-02 ] ] }
   - { id:23, corners:[ [ 5.9446968138217926e-02,
