%YAML:1.0
---
aruco_bc_dict: ARUCO
aruco_bc_nmarkers: 28
aruco_bc_mInfoType: 1
aruco_bc_markers:
   - { id:10, corners:[ [ -3.4105114936828613e+00,
       -7.2028164863586426e+00, -3.0011394023895264e+00 ], [
       -3.4744994640350342e+00, -7.0864429473876953e+00,
       -2.0099971294403076e+00 ], [ -3.5944905281066895e+00,
       -8.0733118057250977e+00, -1.9018719196319580e+00 ], [
       -3.5305025577545166e+00, -8.1896858215332031e+00,
       -2.8930141925811768e+00 ] ] }
   - { id:11, corners:[ [ 2.6084334850311279e+00,
       -7.2239952087402344e+00, -5.3285689353942871e+00 ], [
       2.8255748748779297e+00, -7.1032743453979492e+00,
       -6.2972154617309570e+00 ], [ 2.9666945934295654e+00,
       -8.0890550613403320e+00, -6.3884377479553223e+00 ], [
       2.7495532035827637e+00, -8.2097759246826172e+00,
       -5.4197912216186523e+00 ] ] }
   - { id:16, corners:[ [ -1.5451602935791016e+00,
       2.3056600093841553e+00, -9.3523311614990234e+00 ], [
       -2.4782104492187500e+00, 2.0560262203216553e+00,
       -9.0932931900024414e+00 ], [ -2.2399258613586426e+00,
       1.0877199172973633e+00, -9.1681499481201172e+00 ], [
       -1.3068758249282837e+00, 1.3373537063598633e+00,
       -9.4271879196166992e+00 ] ] }
   - { id:17, corners:[ [ -5.0000000000000000e-01,
       5.0000000000000000e-01, 0. ], [ 5.0000000000000000e-01,
       5.0000000000000000e-01, 0. ], [ 5.0000000000000000e-01,
       -5.0000000000000000e-01, 0. ], [ -5.0000000000000000e-01,
       -5.0000000000000000e-01, 0. ] ] }
   - { id:24, corners:[ [ -3.3557345867156982e+00,
       -4.7856192588806152e+00, 5.8394491672515869e-02 ], [
       -3.2625422477722168e+00, -4.8659496307373047e+00,
       -9.3400776386260986e-01 ], [ -3.3977930545806885e+00,
       -3.8794701099395752e+00, -1.0265591144561768e+00 ], [
       -3.4909853935241699e+00, -3.7991402149200439e+00,
       -3.4156948328018188e-02 ] ] }
   - { id:25, corners:[ [ 2.7789988517761230e+00,
       -4.9341502189636230e+00, -3.5785665512084961e+00 ], [
       2.6900107860565186e+00, -5.0836439132690430e+00,
       -2.5938165187835693e+00 ], [ 2.6717104911804199e+00,
       -4.0948929786682129e+00, -2.4453692436218262e+00 ], [
       2.7606985569000244e+00, -3.9453992843627930e+00,
       -3.4301192760467529e+00 ] ] }
   - { id:32, corners:[ [ -5.0228295326232910e+00,
       2.7156329154968262e-01, 1.5419155359268188e-01 ], [
       -4.8722562789916992e+00, 2.3323667049407959e-01,
       -8.3366411924362183e-01 ], [ -4.8818793296813965e+00,
       1.2323807477951050e+00, -8.7389546632766724e-01 ], [
       -5.0324525833129883e+00, 1.2707073688507080e+00,
       1.1396020650863647e-01 ] ] }
   - { id:33, corners:[ [ 2.6164581775665283e+00, 1.3984496593475342e+00,
       -2.6512696743011475e+00 ], [ 2.4799306392669678e+00,
       1.2509195804595947e+00, -1.6716804504394531e+00 ], [
       2.5466663837432861e+00, 2.2361521720886230e+00,
       -1.5139992237091064e+00 ], [ 2.6831939220428467e+00,
       2.3836822509765625e+00, -2.4935884475708008e+00 ] ] }
   - { id:34, corners:[ [ 3.4152247905731201e+00, 2.5348594188690186e+00,
       -4.2793245315551758e+00 ], [ 3.4562447071075439e+00,
       2.6955609321594238e+00, -5.2654747962951660e+00 ], [
       3.2910797595977783e+00, 1.7232487201690674e+00,
       -5.4307918548583984e+00 ], [ 3.2500598430633545e+00,
       1.5625472068786621e+00, -4.4446415901184082e+00 ] ] }
   - { id:35, corners:[ [ -6.1542391777038574e+00,
       1.1206777095794678e+00, -2.6423199176788330e+00 ], [
       -6.6883187294006348e+00, 9.4664782285690308e-01,
       -1.8149912357330322e+00 ], [ -6.3853201866149902e+00,
       -6.3309073448181152e-03, -1.8198521137237549e+00 ], [
       -5.8512406349182129e+00, 1.6769891977310181e-01,
       -2.6471807956695557e+00 ] ] }
   - { id:42, corners:[ [ 3.3325934410095215e+00,
       -1.1480991840362549e+00, -7.8454022407531738e+00 ], [
       3.1417679786682129e+00, -1.2872095108032227e+00,
       -6.8736853599548340e+00 ], [ 3.2335100173950195e+00,
       -3.0416208505630493e-01, -6.7149367332458496e+00 ], [
       3.4243354797363281e+00, -1.6505181789398193e-01,
       -7.6866536140441895e+00 ] ] }
   - { id:43, corners:[ [ -3.5421423912048340e+00,
       -2.4621002674102783e+00, -4.2073264122009277e+00 ], [
       -3.6448130607604980e+00, -2.4998815059661865e+00,
       -5.2013239860534668e+00 ], [ -3.9236268997192383e+00,
       -1.5395672321319580e+00, -5.2090258598327637e+00 ], [
       -3.8209562301635742e+00, -1.5017859935760498e+00,
       -4.2150282859802246e+00 ] ] }
   - { id:44, corners:[ [ -4.4737081527709961e+00,
       -1.2486035823822021e+00, -7.2268575429916382e-01 ], [
       -4.5766348838806152e+00, -1.2380081415176392e+00,
       2.7194672822952271e-01 ], [ -4.2930641174316406e+00,
       -2.1961436271667480e+00, 3.1149786710739136e-01 ], [
       -4.1901373863220215e+00, -2.2067389488220215e+00,
       -6.8313461542129517e-01 ] ] }
   - { id:45, corners:[ [ 2.4114589691162109e+00,
       -9.5132327079772949e-01, -1.9781531095504761e+00 ], [
       2.5101373195648193e+00, -8.2969343662261963e-01,
       -2.9658112525939941e+00 ], [ 2.4356613159179688e+00,
       -1.8185095787048340e+00, -3.0950245857238770e+00 ], [
       2.3369829654693604e+00, -1.9401394128799438e+00,
       -2.1073665618896484e+00 ] ] }
   - { id:46, corners:[ [ -7.7027618885040283e-01,
       -6.5047984123229980e+00, 8.2630410790443420e-02 ], [
       -1.7644927501678467e+00, -6.6095900535583496e+00,
       5.9130128473043442e-02 ], [ -1.8661063909530640e+00,
       -5.6208624839782715e+00, -5.0835754722356796e-02 ], [
       -8.7188982963562012e-01, -5.5160708427429199e+00,
       -2.7335468679666519e-02 ] ] }
   - { id:47, corners:[ [ -6.6487393379211426e+00,
       -8.3037405014038086e+00, -5.3189363479614258e+00 ], [
       -6.0537433624267578e+00, -8.0073204040527344e+00,
       -6.0660071372985840e+00 ], [ -6.4981656074523926e+00,
       -7.1115036010742188e+00, -6.0645227432250977e+00 ], [
       -7.0931615829467773e+00, -7.4079241752624512e+00,
       -5.3174519538879395e+00 ] ] }
   - { id:52, corners:[ [ -6.6625099182128906e+00,
       9.1157948970794678e-01, -4.6172003746032715e+00 ], [
       -6.7635059356689453e+00, 8.1528663635253906e-01,
       -3.6269845962524414e+00 ], [ -6.1666507720947266e+00,
       1.3120621442794800e-02, -3.6441149711608887e+00 ], [
       -6.0656547546386719e+00, 1.0941341519355774e-01,
       -4.6343307495117188e+00 ] ] }
   - { id:53, corners:[ [ 3.5684278011322021e+00, 3.0034234523773193e+00,
       -6.9118223190307617e+00 ], [ 3.7139735221862793e+00,
       3.1253290176391602e+00, -7.8936343193054199e+00 ], [
       3.5663774013519287e+00, 2.1467301845550537e+00,
       -8.0370206832885742e+00 ], [ 3.4208316802978516e+00,
       2.0248246192932129e+00, -7.0552086830139160e+00 ] ] }
   - { id:64, corners:[ [ 4.3642234802246094e+00,
       -6.0961747169494629e+00, 9.1868329048156738e-01 ], [
       3.3761796951293945e+00, -6.1912670135498047e+00,
       7.9732829332351685e-01 ], [ 3.2965269088745117e+00,
       -5.2024760246276855e+00, 6.7104291915893555e-01 ], [
       4.2845706939697266e+00, -5.1073837280273438e+00,
       7.9239791631698608e-01 ] ] }
   - { id:65, corners:[ [ -2.8863961696624756e+00,
       -6.9437608718872070e+00, -9.5939788818359375e+00 ], [
       -2.8183453083038330e+00, -6.8486409187316895e+00,
       -1.0587116241455078e+01 ], [ -3.2936303615570068e+00,
       -5.9703207015991211e+00, -1.0535560607910156e+01 ], [
       -3.3616812229156494e+00, -6.0654406547546387e+00,
       -9.5424232482910156e+00 ] ] }
   - { id:72, corners:[ [ -6.2248277664184570e+00,
       -5.1755480766296387e+00, -6.2115154266357422e+00 ], [
       -5.9216294288635254e+00, -4.9292035102844238e+00,
       -7.1320505142211914e+00 ], [ -6.5526189804077148e+00,
       -4.1534123420715332e+00, -7.1322708129882813e+00 ], [
       -6.8558173179626465e+00, -4.3997569084167480e+00,
       -6.2117357254028320e+00 ] ] }
