%YAML:1.0
---
aruco_bc_dict: ARUCO
aruco_bc_nmarkers: 48
aruco_bc_mInfoType: 1
aruco_bc_markers:
   - { id:2, corners:[ [ -5.0000000000000000e-01, 5.0000000000000000e-01,
       0. ], [ 5.0000000000000000e-01, 5.0000000000000000e-01, 0. ], [
       5.0000000000000000e-01, -5.0000000000000000e-01, 0. ], [
       -5.0000000000000000e-01, -5.0000000000000000e-01, 0. ] ] }
   - { id:3, corners:[ [ 5.4577124118804932e-01, 4.9003997445106506e-01,
       -7.5752172470092773e+00 ], [ -4.5347231626510620e-01,
       4.5115232467651367e-01, -7.5750966072082520e+00 ], [
       -4.1458797454833984e-01, -5.4803824424743652e-01,
       -7.5854053497314453e+00 ], [ 5.8465558290481567e-01,
       -5.0915056467056274e-01, -7.5855259895324707e+00 ] ] }
   - { id:4, corners:[ [ -3.8624165058135986e+00, 1.9231325387954712e+00,
       -4.4639515876770020e+00 ], [ -3.9137265682220459e+00,
       1.9318046569824219e+00, -3.4653067588806152e+00 ], [
       -3.9125368595123291e+00, 9.3184363842010498e-01,
       -3.4565618038177490e+00 ], [ -3.8612267971038818e+00,
       9.2317146062850952e-01, -4.4552068710327148e+00 ] ] }
   - { id:5, corners:[ [ 3.6841175556182861e+00, 2.0200035572052002e+00,
       -3.1481318473815918e+00 ], [ 3.7378203868865967e+00,
       2.0212957859039307e+00, -4.1466879844665527e+00 ], [
       3.7493302822113037e+00, 1.0213623046875000e+00,
       -4.1473631858825684e+00 ], [ 3.6956274509429932e+00,
       1.0200700759887695e+00, -3.1488070487976074e+00 ] ] }
   - { id:10, corners:[ [ -3.7200579643249512e+00,
       -1.0424230098724365e+00, -4.2514362335205078e+00 ], [
       -3.7241218090057373e+00, -1.0328055620193481e+00,
       -3.2514905929565430e+00 ], [ -3.7369575500488281e+00,
       -2.0326774120330811e+00, -3.2419259548187256e+00 ], [
       -3.7328937053680420e+00, -2.0422949790954590e+00,
       -4.2418713569641113e+00 ] ] }
   - { id:11, corners:[ [ 3.8630087375640869e+00,
       -9.7690856456756592e-01, -3.2554726600646973e+00 ], [
       3.8760459423065186e+00, -1.0079401731491089e+00,
       -4.2549061775207520e+00 ], [ 3.8863623142242432e+00,
       -2.0074009895324707e+00, -4.2237391471862793e+00 ], [
       3.8733251094818115e+00, -1.9763695001602173e+00,
       -3.2243056297302246e+00 ] ] }
   - { id:14, corners:[ [ 3.9108347892761230e+00,
       -9.7798192501068115e-01, -5.7332806587219238e+00 ], [
       3.9211745262145996e+00, -9.9627470970153809e-01,
       -6.7330598831176758e+00 ], [ 3.9490556716918945e+00,
       -1.9957133531570435e+00, -6.7144846916198730e+00 ], [
       3.9387159347534180e+00, -1.9774205684661865e+00,
       -5.7147054672241211e+00 ] ] }
   - { id:15, corners:[ [ -3.7231848239898682e+00,
       -1.0682699680328369e+00, -6.7913770675659180e+00 ], [
       -3.7401366233825684e+00, -1.0636507272720337e+00,
       -5.7915310859680176e+00 ], [ -3.7418706417083740e+00,
       -2.0636386871337891e+00, -5.7869405746459961e+00 ], [
       -3.7249188423156738e+00, -2.0682578086853027e+00,
       -6.7867865562438965e+00 ] ] }
   - { id:16, corners:[ [ -3.6263854503631592e+00,
       -4.0216989517211914e+00, -1.8465735912322998e+00 ], [
       -3.7381472587585449e+00, -3.9953343868255615e+00,
       -8.5318839550018311e-01 ], [ -3.7461407184600830e+00,
       -4.9949741363525391e+00, -8.2755702733993530e-01 ], [
       -3.6343789100646973e+00, -5.0213384628295898e+00,
       -1.8209422826766968e+00 ] ] }
   - { id:17, corners:[ [ 3.8378787040710449e+00,
       -3.9322164058685303e+00, -9.8962128162384033e-02 ], [
       3.9530849456787109e+00, -3.9308133125305176e+00,
       -1.0923027992248535e+00 ], [ 3.9627737998962402e+00,
       -4.9307665824890137e+00, -1.0925912857055664e+00 ], [
       3.8475675582885742e+00, -4.9321694374084473e+00,
       -9.9250733852386475e-02 ] ] }
   - { id:24, corners:[ [ 3.2324631214141846e+00,
       -9.4229001998901367e+00, 2.3355525732040405e-01 ], [
       2.2325248718261719e+00, -9.4263525009155273e+00,
       2.2299659252166748e-01 ], [ 2.2294342517852783e+00,
       -8.4269380569458008e+00, 1.8890216946601868e-01 ], [
       3.2293725013732910e+00, -8.4234857559204102e+00,
       1.9946083426475525e-01 ] ] }
   - { id:25, corners:[ [ 2.3234224319458008e+00,
       -9.6836919784545898e+00, -7.3160223960876465e+00 ], [
       3.3230831623077393e+00, -9.6701641082763672e+00,
       -7.2937564849853516e+00 ], [ 3.3094925880432129e+00,
       -8.6702604293823242e+00, -7.2910647392272949e+00 ], [
       2.3098318576812744e+00, -8.6837882995605469e+00,
       -7.3133306503295898e+00 ] ] }
   - { id:32, corners:[ [ -3.8639163970947266e+00,
       -1.0093781948089600e+00, -1.6530125141143799e+00 ], [
       -3.8646695613861084e+00, -1.0148549079895020e+00,
       -6.5302777290344238e-01 ], [ -3.8381061553955078e+00,
       -2.0144870281219482e+00, -6.5848255157470703e-01 ], [
       -3.8373529911041260e+00, -2.0090103149414063e+00,
       -1.6584672927856445e+00 ] ] }
   - { id:33, corners:[ [ 3.8515987396240234e+00,
       -9.4911640882492065e-01, -7.5135093927383423e-01 ], [
       3.8385791778564453e+00, -9.7318524122238159e-01,
       -1.7509764432907104e+00 ], [ 3.8339433670043945e+00,
       -1.9728832244873047e+00, -1.7268455028533936e+00 ], [
       3.8469629287719727e+00, -1.9488143920898438e+00,
       -7.2721993923187256e-01 ] ] }
   - { id:34, corners:[ [ -3.5940485000610352e+00,
       -5.0845422744750977e+00, -6.2302384376525879e+00 ], [
       -3.4786257743835449e+00, -5.1005878448486328e+00,
       -7.2234249114990234e+00 ], [ -3.5187168121337891e+00,
       -4.1016082763671875e+00, -7.2442231178283691e+00 ], [
       -3.6341395378112793e+00, -4.0855627059936523e+00,
       -6.2510366439819336e+00 ] ] }
   - { id:35, corners:[ [ 4.1930065155029297e+00,
       -5.0355205535888672e+00, -6.4826717376708984e+00 ], [
       4.0921492576599121e+00, -4.9963817596435547e+00,
       -5.4885411262512207e+00 ], [ 4.0863037109375000e+00,
       -3.9971964359283447e+00, -5.5284719467163086e+00 ], [
       4.1871609687805176e+00, -4.0363349914550781e+00,
       -6.5226025581359863e+00 ] ] }
   - { id:42, corners:[ [ 4.0074253082275391e+00,
       -8.0386180877685547e+00, -6.5422077178955078e+00 ], [
       3.9970576763153076e+00, -8.0202159881591797e+00,
       -5.5424308776855469e+00 ], [ 3.9927749633789063e+00,
       -7.0203948020935059e+00, -5.5608787536621094e+00 ], [
       4.0031423568725586e+00, -7.0387978553771973e+00,
       -6.5606555938720703e+00 ] ] }
   - { id:43, corners:[ [ -3.6985073089599609e+00,
       -8.0987768173217773e+00, -5.8180789947509766e+00 ], [
       -3.7053103446960449e+00, -8.0935888290405273e+00,
       -6.8180422782897949e+00 ], [ -3.7065792083740234e+00,
       -7.0936031341552734e+00, -6.8128452301025391e+00 ], [
       -3.6997761726379395e+00, -7.0987911224365234e+00,
       -5.8128819465637207e+00 ] ] }
   - { id:44, corners:[ [ 6.2558335065841675e-01,
       -5.7126259803771973e+00, -7.2961406707763672e+00 ], [
       -3.7286251783370972e-01, -5.7294425964355469e+00,
       -7.3492727279663086e+00 ], [ -3.5689944028854370e-01,
       -6.7291798591613770e+00, -7.3328208923339844e+00 ], [
       6.4154642820358276e-01, -6.7123632431030273e+00,
       -7.2796888351440430e+00 ] ] }
   - { id:45, corners:[ [ -4.5349541306495667e-01,
       -5.4474487304687500e+00, 2.6320192217826843e-01 ], [
       5.4649293422698975e-01, -5.4522719383239746e+00,
       2.6320281624794006e-01 ], [ 5.4167157411575317e-01,
       -6.4518547058105469e+00, 2.9168519377708435e-01 ], [
       -4.5831677317619324e-01, -6.4470314979553223e+00,
       2.9168429970741272e-01 ] ] }
   - { id:46, corners:[ [ 3.8741654157638550e-01, 2.4988720417022705e+00,
       8.1780523061752319e-02 ], [ -6.1102068424224854e-01,
       2.4731574058532715e+00, 1.3139793276786804e-01 ], [
       -6.3672477006912231e-01, 3.4728267192840576e+00,
       1.3224717974662781e-01 ], [ 3.6171245574951172e-01,
       3.4985413551330566e+00, 8.2629770040512085e-02 ] ] }
