%YAML:1.0
---
aruco_bc_dict: ARUCO
aruco_bc_nmarkers: 48
aruco_bc_mInfoType: 1
aruco_bc_markers:
   - { id:2, corners:[ [ 3.6361267566680908e+00, 1.9944806098937988e+00,
       -3.3037371635437012e+00 ], [ 3.6373114585876465e+00,
       1.9990468025207520e+00, -4.3037261962890625e+00 ], [
       3.6403481960296631e+00, 9.9906182289123535e-01,
       -4.3082885742187500e+00 ], [ 3.6391634941101074e+00,
       9.9449563026428223e-01, -3.3082997798919678e+00 ] ] }
   - { id:3, corners:[ [ -3.7108843326568604e+00, 2.0339312553405762e+00,
       -4.2775382995605469e+00 ], [ -3.7154042720794678e+00,
       1.9950162172317505e+00, -3.2783060073852539e+00 ], [
       -3.7294886112213135e+00, 9.9587529897689819e-01,
       -3.3172812461853027e+00 ], [ -3.7249686717987061e+00,
       1.0347903966903687e+00, -4.3165135383605957e+00 ] ] }
   - { id:4, corners:[ [ -6.7498213052749634e-01, 3.4580016136169434e+00,
       1.6939456760883331e-01 ], [ 3.2386183738708496e-01,
       3.4587979316711426e+00, 2.1745808422565460e-01 ], [
       3.2532757520675659e-01, 2.4588956832885742e+00,
       2.0356477797031403e-01 ], [ -6.7351639270782471e-01,
       2.4580993652343750e+00, 1.5550126135349274e-01 ] ] }
   - { id:5, corners:[ [ 5.7950645685195923e-01, 3.5816378593444824e+00,
       -7.5474009513854980e+00 ], [ -4.1920015215873718e-01,
       3.5935449600219727e+00, -7.5968322753906250e+00 ], [
       -4.3041723966598511e-01, 2.5937089920043945e+00,
       -7.6110472679138184e+00 ], [ 5.6828939914703369e-01,
       2.5818018913269043e+00, -7.5616159439086914e+00 ] ] }
   - { id:10, corners:[ [ -5.0000000000000000e-01,
       5.0000000000000000e-01, 0. ], [ 5.0000000000000000e-01,
       5.0000000000000000e-01, 0. ], [ 5.0000000000000000e-01,
       -5.0000000000000000e-01, 0. ], [ -5.0000000000000000e-01,
       -5.0000000000000000e-01, 0. ] ] }
   - { id:11, corners:[ [ 4.6630242466926575e-01, 5.8602452278137207e-01,
       -7.7130236625671387e+00 ], [ -5.3343433141708374e-01,
       5.6700450181961060e-01, -7.7258558273315430e+00 ], [
       -5.1427459716796875e-01, -4.3275308609008789e-01,
       -7.7367024421691895e+00 ], [ 4.8546212911605835e-01,
       -4.1373303532600403e-01, -7.7238702774047852e+00 ] ] }
   - { id:14, corners:[ [ -1.9985764026641846e+00,
       6.0352116823196411e-01, -7.7567400932312012e+00 ], [
       -2.9984660148620605e+00, 5.9214580059051514e-01,
       -7.7663059234619141e+00 ], [ -2.9867889881134033e+00,
       -4.0727072954177856e-01, -7.7984032630920410e+00 ], [
       -1.9868993759155273e+00, -3.9589536190032959e-01,
       -7.7888374328613281e+00 ] ] }
   - { id:15, corners:[ [ -3.0355534553527832e+00,
       4.8906946182250977e-01, -1.9216142594814301e-02 ], [
       -2.0356221199035645e+00, 4.8109626770019531e-01,
       -1.0638483799993992e-02 ], [ -2.0436325073242188e+00,
       -5.1886224746704102e-01, -6.2998160719871521e-03 ], [
       -3.0435638427734375e+00, -5.1088905334472656e-01,
       -1.4877474866807461e-02 ] ] }
   - { id:16, corners:[ [ 1.8649764060974121e+00,
       -2.4816172122955322e+00, -1.0880579799413681e-01 ], [
       2.8594362735748291e+00, -2.4664809703826904e+00,
       -4.7837942838668823e-03 ], [ 2.8755092620849609e+00,
       -3.4663183689117432e+00, -1.2957304716110229e-02 ], [
       1.8810493946075439e+00, -3.4814546108245850e+00,
       -1.1697930842638016e-01 ] ] }
   - { id:17, corners:[ [ 3.5775797367095947e+00,
       -2.3671500682830811e+00, -7.7134022712707520e+00 ], [
       2.5837290287017822e+00, -2.3555500507354736e+00,
       -7.8235216140747070e+00 ], [ 2.5740706920623779e+00,
       -3.3553388118743896e+00, -7.8416714668273926e+00 ], [
       3.5679214000701904e+00, -3.3669388294219971e+00,
       -7.7315521240234375e+00 ] ] }
   - { id:24, corners:[ [ 3.9285848140716553e+00,
       -7.9430966377258301e+00, -6.9689531326293945e+00 ], [
       3.8876430988311768e+00, -7.9572973251342773e+00,
       -5.9698925018310547e+00 ], [ 3.8609955310821533e+00,
       -6.9577383995056152e+00, -5.9567766189575195e+00 ], [
       3.9019372463226318e+00, -6.9435377120971680e+00,
       -6.9558372497558594e+00 ] ] }
   - { id:25, corners:[ [ -3.6133208274841309e+00,
       -8.0612134933471680e+00, -6.2022509574890137e+00 ], [
       -3.6112842559814453e+00, -8.0477523803710938e+00,
       -7.2021579742431641e+00 ], [ -3.6073217391967773e+00,
       -7.0478506088256836e+00, -7.1886887550354004e+00 ], [
       -3.6093583106994629e+00, -7.0613117218017578e+00,
       -6.1887817382812500e+00 ] ] }
   - { id:32, corners:[ [ 2.0839440822601318e+00, 5.1437830924987793e-01,
       1.4710989594459534e-01 ], [ 3.0839023590087891e+00,
       5.0524985790252686e-01, 1.4744605123996735e-01 ], [
       3.0747888088226318e+00, -4.9421072006225586e-01,
       1.1589398235082626e-01 ], [ 2.0748305320739746e+00,
       -4.8508223891258240e-01, 1.1555783450603485e-01 ] ] }
   - { id:33, corners:[ [ 2.9512698650360107e+00, 6.0563510656356812e-01,
       -7.7177548408508301e+00 ], [ 1.9517651796340942e+00,
       5.8846735954284668e-01, -7.6913771629333496e+00 ], [
       1.9690212011337280e+00, -4.1137889027595520e-01,
       -7.6882548332214355e+00 ], [ 2.9685258865356445e+00,
       -3.9421111345291138e-01, -7.7146325111389160e+00 ] ] }
   - { id:34, corners:[ [ -2.5040071010589600e+00,
       -3.5155575275421143e+00, -1.7889249324798584e-01 ], [
       -3.4964826107025146e+00, -3.5346429347991943e+00,
       -2.9983866214752197e-01 ], [ -3.5217735767364502e+00,
       -2.5362131595611572e+00, -2.4985623359680176e-01 ], [
       -2.5292980670928955e+00, -2.5171277523040771e+00,
       -1.2891004979610443e-01 ] ] }
   - { id:35, corners:[ [ -2.7762322425842285e+00,
       -3.4431450366973877e+00, -8.0435676574707031e+00 ], [
       -1.7814657688140869e+00, -3.4087843894958496e+00,
       -7.9473447799682617e+00 ], [ -1.8175386190414429e+00,
       -2.4095652103424072e+00, -7.9312329292297363e+00 ], [
       -2.8123052120208740e+00, -2.4439258575439453e+00,
       -8.0274562835693359e+00 ] ] }
   - { id:42, corners:[ [ -2.8221554756164551e+00,
       5.6138286590576172e+00, -7.2607922554016113e+00 ], [
       -1.8221715688705444e+00, 5.6116280555725098e+00,
       -7.2660369873046875e+00 ], [ -1.8199830055236816e+00,
       6.6116228103637695e+00, -7.2684226036071777e+00 ], [
       -2.8199667930603027e+00, 6.6138234138488770e+00,
       -7.2631778717041016e+00 ] ] }
   - { id:43, corners:[ [ -2.0838451385498047e+00,
       5.4970035552978516e+00, 5.0863659381866455e-01 ], [
       -3.0834009647369385e+00, 5.5267791748046875e+00,
       5.0740206241607666e-01 ], [ -3.0536417961120605e+00,
       6.5262660980224609e+00, 5.1925480365753174e-01 ], [
       -2.0540859699249268e+00, 6.4964904785156250e+00,
       5.2048933506011963e-01 ] ] }
   - { id:44, corners:[ [ -3.5336027145385742e+00,
       -4.1344785690307617e+00, -4.4317255020141602e+00 ], [
       -3.5551505088806152e+00, -4.1614775657653809e+00,
       -3.4323225021362305e+00 ], [ -3.5391225814819336e+00,
       -5.1609935760498047e+00, -3.4589793682098389e+00 ], [
       -3.5175747871398926e+00, -5.1339945793151855e+00,
       -4.4583826065063477e+00 ] ] }
   - { id:45, corners:[ [ 3.8747999668121338e+00,
       -3.9889585971832275e+00, -3.3835546970367432e+00 ], [
       3.8690655231475830e+00, -3.9851741790771484e+00,
       -4.3835310935974121e+00 ], [ 3.8969991207122803e+00,
       -4.9847764968872070e+00, -4.3874740600585938e+00 ], [
       3.9027335643768311e+00, -4.9885606765747070e+00,
       -3.3874979019165039e+00 ] ] }
   - { id:46, corners:[ [ 3.7624504566192627e+00, 4.0167388916015625e+00,
       -4.1870679855346680e+00 ], [ 3.8113834857940674e+00,
       3.9994673728942871e+00, -3.1884155273437500e+00 ], [
       3.7947013378143311e+00, 4.9991645812988281e+00,
       -3.1703083515167236e+00 ], [ 3.7457683086395264e+00,
       5.0164361000061035e+00, -4.1689610481262207e+00 ] ] }
   - { id:47, corners:[ [ -3.5910654067993164e+00,
