%YAML:1.0
---
aruco_bc_dict: ARUCO
aruco_bc_nmarkers: 48
aruco_bc_mInfoType: 1
aruco_bc_markers:
   - { id:2, corners:[ [ 4.9039664864540100e-01, 5.8620387315750122e-01,
       -7.5229825973510742e+00 ], [ -5.0894868373870850e-01,
       5.5026412010192871e-01, -7.5271382331848145e+00 ], [
       -4.7295895218849182e-01, -4.4900792837142944e-01,
       -7.5397920608520508e+00 ], [ 5.2638638019561768e-01,
       -4.1306817531585693e-01, -7.5356364250183105e+00 ] ] }
   - { id:3, corners:[ [ -5.0000000000000000e-01, 5.0000000000000000e-01,
       0. ], [ 5.0000000000000000e-01, 5.0000000000000000e-01, 0. ], [
       5.0000000000000000e-01, -5.0000000000000000e-01, 0. ], [
       -5.0000000000000000e-01, -5.0000000000000000e-01, 0. ] ] }
   - { id:4, corners:[ [ 3.7939364910125732e+00, 2.0969841480255127e+00,
       -3.0065333843231201e+00 ], [ 3.8607490062713623e+00,
       2.1053302288055420e+00, -4.0042638778686523e+00 ], [
       3.8821175098419189e+00, 1.1055824756622314e+00,
       -4.0111961364746094e+00 ], [ 3.8153049945831299e+00,
       1.0972363948822021e+00, -3.0134654045104980e+00 ] ] }
   - { id:5, corners:[ [ -3.6917080879211426e+00, 1.9288213253021240e+00,
       -4.4345855712890625e+00 ], [ -3.7623713016510010e+00,
       1.9269744157791138e+00, -3.4370870590209961e+00 ], [
       -3.7336521148681641e+00, 9.2738693952560425e-01,
       -3.4369034767150879e+00 ], [ -3.6629889011383057e+00,
       9.2923390865325928e-01, -4.4344019889831543e+00 ] ] }
   - { id:10, corners:[ [ 3.7565748691558838e+00,
       -8.6461853981018066e-01, -3.3049476146697998e+00 ], [
       3.7589547634124756e+00, -8.5830873250961304e-01,
       -4.3049249649047852e+00 ], [ 3.7999489307403564e+00,
       -1.8574488162994385e+00, -4.3111319541931152e+00 ], [
       3.7975690364837646e+00, -1.8637585639953613e+00,
       -3.3111543655395508e+00 ] ] }
   - { id:11, corners:[ [ -3.7660758495330811e+00,
       -1.0703933238983154e+00, -4.2935791015625000e+00 ], [
       -3.7801346778869629e+00, -1.1067111492156982e+00,
       -3.2943377494812012e+00 ], [ -3.7533400058746338e+00,
       -2.1057062149047852e+00, -3.3302695751190186e+00 ], [
       -3.7392811775207520e+00, -2.0693883895874023e+00,
       -4.3295111656188965e+00 ] ] }
   - { id:14, corners:[ [ -3.7525401115417480e+00,
       -1.0962746143341064e+00, -1.8177726268768311e+00 ], [
       -3.7563591003417969e+00, -1.1248840093612671e+00,
       -8.1818926334381104e-01 ], [ -3.7409658432006836e+00,
       -2.1243579387664795e+00, -8.4673666954040527e-01 ], [
       -3.7371468544006348e+00, -2.0957484245300293e+00,
       -1.8463200330734253e+00 ] ] }
   - { id:15, corners:[ [ 3.7833745479583740e+00,
       -9.1275084018707275e-01, -7.6283925771713257e-01 ], [
       3.8047711849212646e+00, -9.0007495880126953e-01,
       -1.7625299692153931e+00 ], [ 3.8450744152069092e+00,
       -1.8991926908493042e+00, -1.7743358612060547e+00 ], [
       3.8236777782440186e+00, -1.9118685722351074e+00,
       -7.7464520931243896e-01 ] ] }
   - { id:16, corners:[ [ 3.8437659740447998e+00,
       -3.8451519012451172e+00, -5.6094045639038086e+00 ], [
       3.9059951305389404e+00, -3.8225557804107666e+00,
       -6.6072106361389160e+00 ], [ 3.9404971599578857e+00,
       -4.8217506408691406e+00, -6.6276865005493164e+00 ], [
       3.8782680034637451e+00, -4.8443470001220703e+00,
       -5.6298804283142090e+00 ] ] }
   - { id:17, corners:[ [ -3.6378204822540283e+00,
       -4.0003404617309570e+00, -7.0411024093627930e+00 ], [
       -3.7101595401763916e+00, -4.0054135322570801e+00,
       -6.0437355041503906e+00 ], [ -3.6905901432037354e+00,
       -5.0052156448364258e+00, -6.0474014282226563e+00 ], [
       -3.6182510852813721e+00, -5.0001425743103027e+00,
       -7.0447683334350586e+00 ] ] }
   - { id:24, corners:[ [ -2.7733240127563477e+00,
       -9.4266901016235352e+00, -7.8090209960937500e+00 ], [
       -1.7740350961685181e+00, -9.4017181396484375e+00,
       -7.7807726860046387e+00 ], [ -1.8001078367233276e+00,
       -8.4028310775756836e+00, -7.7414617538452148e+00 ], [
       -2.7993969917297363e+00, -8.4278030395507813e+00,
       -7.7697100639343262e+00 ] ] }
   - { id:25, corners:[ [ -1.9993439912796021e+00,
       -9.6653127670288086e+00, -2.4571879208087921e-01 ], [
       -2.9990031719207764e+00, -9.6855506896972656e+00,
       -2.6220938563346863e-01 ], [ -3.0195116996765137e+00,
       -8.6858949661254883e+00, -2.4585564434528351e-01 ], [
       -2.0198523998260498e+00, -8.6656570434570313e+00,
       -2.2936505079269409e-01 ] ] }
   - { id:32, corners:[ [ 3.9407546520233154e+00,
       -8.2893002033233643e-01, -5.7937879562377930e+00 ], [
       3.9628682136535645e+00, -8.3232879638671875e-01,
       -6.7935376167297363e+00 ], [ 3.9710590839385986e+00,
       -1.8322888612747192e+00, -6.7899570465087891e+00 ], [
       3.9489455223083496e+00, -1.8288900852203369e+00,
       -5.7902073860168457e+00 ] ] }
   - { id:33, corners:[ [ -3.7141664028167725e+00,
       -1.0210765600204468e+00, -6.7966809272766113e+00 ], [
       -3.7116503715515137e+00, -1.0458712577819824e+00,
       -5.7969918251037598e+00 ], [ -3.6752135753631592e+00,
       -2.0448975563049316e+00, -5.8218617439270020e+00 ], [
       -3.6777296066284180e+00, -2.0201029777526855e+00,
       -6.8215508460998535e+00 ] ] }
   - { id:34, corners:[ [ 3.7868418693542480e+00,
       -4.9238085746765137e+00, -1.3441305160522461e+00 ], [
       3.6664578914642334e+00, -4.9568257331848145e+00,
       -3.5195225477218628e-01 ], [ 3.6773390769958496e+00,
       -3.9574830532073975e+00, -3.1737619638442993e-01 ], [
       3.7977230548858643e+00, -3.9244656562805176e+00,
       -1.3095543384552002e+00 ] ] }
   - { id:35, corners:[ [ -3.8666102886199951e+00,
       -5.1731863021850586e+00, -1.0742163658142090e+00 ], [
       -3.7731101512908936e+00, -5.1238255500793457e+00,
       -2.0686111450195313e+00 ], [ -3.7983682155609131e+00,
       -4.1252593994140625e+00, -2.0214185714721680e+00 ], [
       -3.8918683528900146e+00, -4.1746201515197754e+00,
       -1.0270236730575562e+00 ] ] }
   - { id:42, corners:[ [ -3.6988325119018555e+00,
       -8.1467514038085938e+00, -1.1955056190490723e+00 ], [
       -3.6652553081512451e+00, -8.1111698150634766e+00,
       -2.1943082809448242e+00 ], [ -3.6945457458496094e+00,
       -7.1121978759765625e+00, -2.1597046852111816e+00 ], [
       -3.7281229496002197e+00, -7.1477799415588379e+00,
       -1.1609021425247192e+00 ] ] }
   - { id:43, corners:[ [ 3.8897380828857422e+00,
       -7.9557709693908691e+00, -1.6065495014190674e+00 ], [
       3.8475177288055420e+00, -7.9626975059509277e+00,
       -6.0746514797210693e-01 ], [ 3.8252911567687988e+00,
       -6.9629626274108887e+00, -6.0147315263748169e-01 ], [
       3.8675115108489990e+00, -6.9560360908508301e+00,
       -1.6005574464797974e+00 ] ] }
   - { id:44, corners:[ [ -3.4427225589752197e-01,
       -5.6444478034973145e+00, -1.2687930464744568e-01 ], [
       6.5532863140106201e-01, -5.6260786056518555e+00,
       -1.0541802644729614e-01 ], [ 6.7420101165771484e-01,
       -6.6256251335144043e+00, -1.2888866662979126e-01 ], [
       -3.2539993524551392e-01, -6.6439943313598633e+00,
       -1.5034994482994080e-01 ] ] }
   - { id:45, corners:[ [ 6.8163055181503296e-01,
       -5.3650932312011719e+00, -7.7006864547729492e+00 ], [
       -3.1756532192230225e-01, -5.4037961959838867e+00,
       -7.6902132034301758e+00 ], [ -2.7925443649291992e-01,
       -6.4024353027343750e+00, -7.7256002426147461e+00 ], [
       7.1994137763977051e-01, -6.3637323379516602e+00,
       -7.7360734939575195e+00 ] ] }
   - { id:46, corners:[ [ -3.3825230598449707e-01,
       2.5588033199310303e+00, -7.4762816429138184e+00 ], [
       6.6047686338424683e-01, 2.5755228996276855e+00,
       -7.4287371635437012e+00 ], [ 6.4247810840606689e-01,
       3.5750067234039307e+00, -7.4021306037902832e+00 ], [
       -3.5625106096267700e-01, 3.5582871437072754e+00,
       -7.4496750831604004e+00 ] ] }
