%YAML:1.0
---
aruco_bc_dict: ARUCO
aruco_bc_nmarkers: 48
aruco_bc_mInfoType: 1
aruco_bc_markers:
   - { id:2, corners:[ [ 3.6421337127685547e+00, 2.0158970355987549e+00,
       -3.3193297386169434e+00 ], [ 3.6350777149200439e+00,
       2.0271673202514648e+00, -4.3192415237426758e+00 ], [
       3.6383094787597656e+00, 1.0272363424301147e+00,
       -4.3305344581604004e+00 ], [ 3.6453654766082764e+00,
       1.0159661769866943e+00, -3.3306229114532471e+00 ] ] }
   - { id:3, corners:[ [ -3.7103786468505859e+00, 2.0530905723571777e+00,
       -4.2604422569274902e+00 ], [ -3.7113039493560791e+00,
       2.0080633163452148e+00, -3.2614569664001465e+00 ], [
       -3.7231087684631348e+00, 1.0091475248336792e+00,
       -3.3064923286437988e+00 ], [ -3.7221834659576416e+00,
       1.0541750192642212e+00, -4.3054776191711426e+00 ] ] }
   - { id:4, corners:[ [ -6.8922483921051025e-01, 3.4493618011474609e+00,
       1.8169412016868591e-01 ], [ 3.1011536717414856e-01,
       3.4543328285217285e+00, 2.1767273545265198e-01 ], [
       3.1557562947273254e-01, 2.4544391632080078e+00,
       2.0416232943534851e-01 ], [ -6.8376457691192627e-01,
       2.4494681358337402e+00, 1.6818371415138245e-01 ] ] }
   - { id:5, corners:[ [ 5.6839573383331299e-01, 3.6090204715728760e+00,
       -7.4705133438110352e+00 ], [ -4.3044635653495789e-01,
       3.6223220825195313e+00, -7.5167460441589355e+00 ], [
       -4.4305264949798584e-01, 2.6225187778472900e+00,
       -7.5320453643798828e+00 ], [ 5.5578941106796265e-01,
       2.6092171669006348e+00, -7.4858126640319824e+00 ] ] }
   - { id:10, corners:[ [ -5.0000000000000000e-01,
       5.0000000000000000e-01, 0. ], [ 5.0000000000000000e-01,
       5.0000000000000000e-01, 0. ], [ 5.0000000000000000e-01,
       -5.0000000000000000e-01, 0. ], [ -5.0000000000000000e-01,
       -5.0000000000000000e-01, 0. ] ] }
   - { id:11, corners:[ [ 4.4804042577743530e-01, 6.1495870351791382e-01,
       -7.6700062751770020e+00 ], [ -5.5167210102081299e-01,
       5.9163963794708252e-01, -7.6755852699279785e+00 ], [
       -5.2828007936477661e-01, -4.0799695253372192e-01,
       -7.6889796257019043e+00 ], [ 4.7143244743347168e-01,
       -3.8467791676521301e-01, -7.6834006309509277e+00 ] ] }
   - { id:14, corners:[ [ -2.0099639892578125e+00,
       6.3357633352279663e-01, -7.6870346069335938e+00 ], [
       -3.0098676681518555e+00, 6.2115806341171265e-01,
       -7.6808280944824219e+00 ], [ -2.9977145195007324e+00,
       -3.7792295217514038e-01, -7.7219305038452148e+00 ], [
       -1.9978109598159790e+00, -3.6550468206405640e-01,
       -7.7281370162963867e+00 ] ] }
   - { id:15, corners:[ [ -3.0253398418426514e+00,
       4.8405465483665466e-01, -8.7722465395927429e-03 ], [
       -2.0253896713256836e+00, 4.8384493589401245e-01,
       1.2298198416829109e-03 ], [ -2.0254609584808350e+00,
       -5.1605916023254395e-01, -1.2614978477358818e-02 ], [
       -3.0254111289978027e+00, -5.1584947109222412e-01,
       -2.2617045789957047e-02 ] ] }
   - { id:16, corners:[ [ 1.8838733434677124e+00,
       -2.4928870201110840e+00, -1.2622064352035522e-01 ], [
       2.8784091472625732e+00, -2.4745903015136719e+00,
       -2.3440081626176834e-02 ], [ 2.8980569839477539e+00,
       -3.4743232727050781e+00, -3.5590533167123795e-02 ], [
       1.9035212993621826e+00, -3.4926199913024902e+00,
       -1.3837109506130219e-01 ] ] }
   - { id:17, corners:[ [ 3.5481452941894531e+00,
       -2.3342049121856689e+00, -7.7346625328063965e+00 ], [
       2.5522301197052002e+00, -2.3382735252380371e+00,
       -7.8248658180236816e+00 ], [ 2.5583577156066895e+00,
       -3.3380000591278076e+00, -7.8474278450012207e+00 ], [
       3.5542728900909424e+00, -3.3339314460754395e+00,
       -7.7572245597839355e+00 ] ] }
   - { id:24, corners:[ [ 4.0615897178649902e+00,
       -7.6454806327819824e+00, -7.0676393508911133e+00 ], [
       4.0676732063293457e+00, -7.6710748672485352e+00,
       -6.0679855346679688e+00 ], [ 4.0464367866516113e+00,
       -6.6716313362121582e+00, -6.0422677993774414e+00 ], [
       4.0403532981872559e+00, -6.6460371017456055e+00,
       -7.0419216156005859e+00 ] ] }
   - { id:25, corners:[ [ -3.5986988544464111e+00,
       -8.0811920166015625e+00, -6.2185096740722656e+00 ], [
       -3.6171281337738037e+00, -8.0376033782958984e+00,
       -7.2173891067504883e+00 ], [ -3.6070983409881592e+00,
       -7.0385966300964355e+00, -7.1739807128906250e+00 ], [
       -3.5886690616607666e+00, -7.0821843147277832e+00,
       -6.1751012802124023e+00 ] ] }
   - { id:32, corners:[ [ 2.0868597030639648e+00, 5.0104635953903198e-01,
       1.2375597655773163e-01 ], [ 3.0868291854858398e+00,
       5.0689816474914551e-01, 1.1860848963260651e-01 ], [
       3.0925016403198242e+00, -4.9250072240829468e-01,
       8.4407761693000793e-02 ], [ 2.0925321578979492e+00,
       -4.9835252761840820e-01, 8.9555248618125916e-02 ] ] }
   - { id:33, corners:[ [ 2.9343829154968262e+00, 6.2233638763427734e-01,
       -7.6812219619750977e+00 ], [ 1.9346250295639038e+00,
       6.1294758319854736e-01, -7.6613225936889648e+00 ], [
       1.9437646865844727e+00, -3.8693153858184814e-01,
       -7.6738996505737305e+00 ], [ 2.9435224533081055e+00,
       -3.7754270434379578e-01, -7.6937990188598633e+00 ] ] }
   - { id:34, corners:[ [ -2.5411782264709473e+00,
       -3.4710085391998291e+00, -1.2299704551696777e-01 ], [
       -3.5331277847290039e+00, -3.4947714805603027e+00,
       -2.4738246202468872e-01 ], [ -3.5641398429870605e+00,
       -2.4968602657318115e+00, -1.9071027636528015e-01 ], [
       -2.5721902847290039e+00, -2.4730973243713379e+00,
       -6.6324859857559204e-02 ] ] }
   - { id:35, corners:[ [ -2.7883303165435791e+00,
       -3.4177079200744629e+00, -8.0003156661987305e+00 ], [
       -1.7932751178741455e+00, -3.3905897140502930e+00,
       -7.9047660827636719e+00 ], [ -1.8224217891693115e+00,
       -2.3912124633789063e+00, -7.8848690986633301e+00 ], [
       -2.8174769878387451e+00, -2.4183306694030762e+00,
       -7.9804191589355469e+00 ] ] }
   - { id:42, corners:[ [ -2.8450474739074707e+00,
       -6.4090256690979004e+00, -7.8727245330810547e+00 ], [
       -1.8453040122985840e+00, -6.3870816230773926e+00,
       -7.8783111572265625e+00 ], [ -1.8671649694442749e+00,
       -5.3874258995056152e+00, -7.8638057708740234e+00 ], [
       -2.8669085502624512e+00, -5.4093699455261230e+00,
       -7.8582191467285156e+00 ] ] }
   - { id:43, corners:[ [ -2.1475198268890381e+00,
       -6.5220122337341309e+00, -1.1206001788377762e-01 ], [
       -3.1473813056945801e+00, -6.5083622932434082e+00,
       -1.0254401713609695e-01 ], [ -3.1336524486541748e+00,
       -5.5084910392761230e+00, -9.4241045415401459e-02 ], [
       -2.1337909698486328e+00, -5.5221409797668457e+00,
       -1.0375704616308212e-01 ] ] }
   - { id:44, corners:[ [ -3.5401642322540283e+00,
       -4.1141581535339355e+00, -4.4498910903930664e+00 ], [
       -3.5638735294342041e+00, -4.1394629478454590e+00,
       -3.4504928588867188e+00 ], [ -3.5538842678070068e+00,
       -5.1390986442565918e+00, -3.4755661487579346e+00 ], [
       -3.5301749706268311e+00, -5.1137938499450684e+00,
       -4.4749646186828613e+00 ] ] }
   - { id:45, corners:[ [ 3.8887248039245605e+00,
       -3.9539456367492676e+00, -3.4292588233947754e+00 ], [
       3.8607506752014160e+00, -3.9619727134704590e+00,
       -4.4288349151611328e+00 ], [ 3.8805084228515625e+00,
       -4.9617495536804199e+00, -4.4213595390319824e+00 ], [
       3.9084825515747070e+00, -4.9537224769592285e+00,
       -3.4217832088470459e+00 ] ] }
   - { id:46, corners:[ [ 3.7790496349334717e+00, 4.0498371124267578e+00,
       -4.1937623023986816e+00 ], [ 3.8345344066619873e+00,
       4.0240077972412109e+00, -3.1956369876861572e+00 ], [
       3.8023478984832764e+00, 5.0231075286865234e+00,
       -3.1679930686950684e+00 ], [ 3.7468631267547607e+00,
       5.0489368438720703e+00, -4.1661186218261719e+00 ] ] }
   - { id:47, corners:[ [ -3.5779569149017334e+00,
