%YAML:1.0
---
aruco_bc_dict: ARUCO
aruco_bc_nmarkers: 48
aruco_bc_mInfoType: 1
aruco_bc_markers:
   - { id:2, corners:[ [ 3.3839267492294312e-01, 6.5383334159851074e+00,
       -7.6539473533630371e+00 ], [ -6.6147148609161377e-01,
       6.5219378471374512e+00, -7.6522579193115234e+00 ], [
       -6.4504712820053101e-01, 5.5222458839416504e+00,
       -7.6336436271667480e+00 ], [ 3.5481703281402588e-01,
       5.5386414527893066e+00, -7.6353330612182617e+00 ] ] }
   - { id:3, corners:[ [ -5.8570325374603271e-01, 6.6392326354980469e+00,
       -5.1205649971961975e-02 ], [ 4.1416305303573608e-01,
       6.6234917640686035e+00, -5.5628232657909393e-02 ], [
       3.9854806661605835e-01, 5.6239814758300781e+00,
       -2.8508769348263741e-02 ], [ -6.0131818056106567e-01,
       5.6397223472595215e+00, -2.4086186662316322e-02 ] ] }
   - { id:4, corners:[ [ 3.6043112277984619e+00, 8.0771694183349609e+00,
       -3.2132678031921387e+00 ], [ 3.6345889568328857e+00,
       8.0681762695312500e+00, -4.2127690315246582e+00 ], [
       3.6407053470611572e+00, 7.0682368278503418e+00,
       -4.2035861015319824e+00 ], [ 3.6104276180267334e+00,
       7.0772304534912109e+00, -3.2040851116180420e+00 ] ] }
   - { id:5, corners:[ [ -3.8568572998046875e+00, 8.0177173614501953e+00,
       -4.3534216880798340e+00 ], [ -3.8883838653564453e+00,
       8.0402908325195313e+00, -3.3541736602783203e+00 ], [
       -3.8844313621520996e+00, 7.0405559539794922e+00,
       -3.3314647674560547e+00 ], [ -3.8529047966003418e+00,
       7.0179829597473145e+00, -4.3307127952575684e+00 ] ] }
   - { id:10, corners:[ [ 3.5965337753295898e+00, 5.1180925369262695e+00,
       -3.3949494361877441e+00 ], [ 3.5858936309814453e+00,
       5.1014060974121094e+00, -4.3947534561157227e+00 ], [
       3.6118612289428711e+00, 4.1018781661987305e+00,
       -4.3783478736877441e+00 ], [ 3.6225013732910156e+00,
       4.1185646057128906e+00, -3.3785438537597656e+00 ] ] }
   - { id:11, corners:[ [ -3.8818953037261963e+00,
       5.0232768058776855e+00, -4.3051495552062988e+00 ], [
       -3.8880131244659424e+00, 5.0137438774108887e+00,
       -3.3052139282226563e+00 ], [ -3.8814647197723389e+00,
       4.0138106346130371e+00, -3.3147068023681641e+00 ], [
       -3.8753468990325928e+00, 4.0233435630798340e+00,
       -4.3146424293518066e+00 ] ] }
   - { id:14, corners:[ [ -3.8464076519012451e+00,
       5.0591125488281250e+00, -1.8250149488449097e+00 ], [
       -3.8413510322570801e+00, 5.0529031753540039e+00,
       -8.2504707574844360e-01 ], [ -3.8467471599578857e+00,
       4.0529365539550781e+00, -8.3122909069061279e-01 ], [
       -3.8518037796020508e+00, 4.0591459274291992e+00,
       -1.8311970233917236e+00 ] ] }
   - { id:15, corners:[ [ 3.6397523880004883e+00, 5.1298809051513672e+00,
       -8.5237395763397217e-01 ], [ 3.6553118228912354e+00,
       5.1150674819946289e+00, -1.8521431684494019e+00 ], [
       3.6839814186096191e+00, 4.1155948638916016e+00,
       -1.8368881940841675e+00 ], [ 3.6684219837188721e+00,
       4.1304082870483398e+00, -8.3711898326873779e-01 ] ] }
   - { id:16, corners:[ [ 3.5694713592529297e+00, 2.0737316608428955e+00,
       -5.6453371047973633e+00 ], [ 3.6065111160278320e+00,
       2.0770750045776367e+00, -6.6446456909179688e+00 ], [
       3.6189842224121094e+00, 1.0771567821502686e+00,
       -6.6475286483764648e+00 ], [ 3.5819444656372070e+00,
       1.0738135576248169e+00, -5.6482200622558594e+00 ] ] }
   - { id:17, corners:[ [ -3.8878531455993652e+00,
       2.0179259777069092e+00, -6.9242186546325684e+00 ], [
       -3.9389793872833252e+00, 2.0359442234039307e+00,
       -5.9256892204284668e+00 ], [ -3.9450864791870117e+00,
       1.0361200571060181e+00, -5.9079604148864746e+00 ], [
       -3.8939602375030518e+00, 1.0181016921997070e+00,
       -6.9064898490905762e+00 ] ] }
   - { id:24, corners:[ [ -3.1415627002716064e+00,
       -3.4278140068054199e+00, -7.6347646713256836e+00 ], [
       -2.1417102813720703e+00, -3.4144976139068604e+00,
       -7.6238951683044434e+00 ], [ -2.1551811695098877e+00,
       -2.4146900177001953e+00, -7.6096382141113281e+00 ], [
       -3.1550335884094238e+00, -2.4280064105987549e+00,
       -7.6205077171325684e+00 ] ] }
   - { id:25, corners:[ [ -2.2568726539611816e+00,
       -3.4835982322692871e+00, 1.4188740402460098e-02 ], [
       -3.2568311691284180e+00, -3.4750614166259766e+00,
       1.7354231327772141e-02 ], [ -3.2483215332031250e+00,
       -2.4751338958740234e+00, 8.8565107434988022e-03 ], [
       -2.2483630180358887e+00, -2.4836707115173340e+00,
       5.6910202838480473e-03 ] ] }
   - { id:32, corners:[ [ 3.7474091053009033e+00, 5.0886631011962891e+00,
       -5.8843202590942383e+00 ], [ 3.7618086338043213e+00,
       5.0668621063232422e+00, -6.8839788436889648e+00 ], [
       3.7539017200469971e+00, 4.0671281814575195e+00,
       -6.8622903823852539e+00 ], [ 3.7395021915435791e+00,
       4.0889291763305664e+00, -5.8626317977905273e+00 ] ] }
   - { id:33, corners:[ [ -3.8421046733856201e+00,
       5.0036416053771973e+00, -6.8160958290100098e+00 ], [
       -3.8333382606506348e+00, 5.0022778511047363e+00,
       -5.8161354064941406e+00 ], [ -3.8134696483612061e+00,
       4.0024762153625488e+00, -5.8176732063293457e+00 ], [
       -3.8222360610961914e+00, 4.0038399696350098e+00,
       -6.8176336288452148e+00 ] ] }
   - { id:34, corners:[ [ 3.5857365131378174e+00, 1.0966269969940186e+00,
       -1.3768105506896973e+00 ], [ 3.4730892181396484e+00,
       1.0810213088989258e+00, -3.8329812884330750e-01 ], [
       3.4970371723175049e+00, 2.0805647373199463e+00,
       -3.6488246917724609e-01 ], [ 3.6096844673156738e+00,
       2.0961704254150391e+00, -1.3583948612213135e+00 ] ] }
   - { id:35, corners:[ [ -4.0346236228942871e+00,
       1.0006978511810303e+00, -9.7377157211303711e-01 ], [
       -3.9576725959777832e+00, 1.0292499065399170e+00,
       -1.9703974723815918e+00 ], [ -3.9593744277954102e+00,
       2.0288422107696533e+00, -1.9418919086456299e+00 ], [
       -4.0363254547119141e+00, 2.0002901554107666e+00,
       -9.4526594877243042e-01 ] ] }
   - { id:42, corners:[ [ -3.9131145477294922e+00,
       -1.9911681413650513e+00, -9.7841578722000122e-01 ], [
       -3.8857390880584717e+00, -1.9858753681182861e+00,
       -1.9780269861221313e+00 ], [ -3.8969936370849609e+00,
       -9.8595106601715088e-01, -1.9730408191680908e+00 ], [
       -3.9243690967559814e+00, -9.9124383926391602e-01,
       -9.7342956066131592e-01 ] ] }
   - { id:43, corners:[ [ 3.6206762790679932e+00,
       -1.9563307762145996e+00, -1.5228065252304077e+00 ], [
       3.6010112762451172e+00, -1.9389884471893311e+00,
       -5.2315038442611694e-01 ], [ 3.6004936695098877e+00,
       -9.3913918733596802e-01, -5.4050624370574951e-01 ], [
       3.6201586723327637e+00, -9.5648145675659180e-01,
       -1.5401623249053955e+00 ] ] }
   - { id:44, corners:[ [ -5.0000000000000000e-01,
       5.0000000000000000e-01, 0. ], [ 5.0000000000000000e-01,
       5.0000000000000000e-01, 0. ], [ 5.0000000000000000e-01,
       -5.0000000000000000e-01, 0. ], [ -5.0000000000000000e-01,
       -5.0000000000000000e-01, 0. ] ] }
   - { id:45, corners:[ [ 3.6191961169242859e-01, 5.8987832069396973e-01,
       -7.6796379089355469e+00 ], [ -6.3735228776931763e-01,
       5.6499397754669189e-01, -7.6507167816162109e+00 ], [
       -6.1289298534393311e-01, -4.3459501862525940e-01,
       -7.6656732559204102e+00 ], [ 3.8637894392013550e-01,
       -4.0971070528030396e-01, -7.6945943832397461e+00 ] ] }
   - { id:46, corners:[ [ 3.7183995246887207e+00,
       -1.9476814270019531e+00, -6.6821007728576660e+00 ], [
       3.6932022571563721e+00, -1.9574122428894043e+00,
       -5.6824655532836914e+00 ], [ 3.6654095649719238e+00,
       -9.5783925056457520e-01, -5.6734356880187988e+00 ], [
       3.6906068325042725e+00, -9.4810849428176880e-01,
       -6.6730709075927734e+00 ] ] }
   - { id:47, corners:[ [ -3.8835711479187012e+00,
