%YAML:1.0
---
aruco_bc_dict: ARUCO
aruco_bc_nmarkers: 48
aruco_bc_mInfoType: 1
aruco_bc_markers:
   - { id:2, corners:[ [ 3.6456558108329773e-01, 6.2427812814712524e-01,
       -7.3479332923889160e+00 ], [ -6.3486164808273315e-01,
       5.9560215473175049e-01, -7.3299612998962402e+00 ], [
       -6.0652130842208862e-01, -4.0382203459739685e-01,
       -7.3486199378967285e+00 ], [ 3.9290592074394226e-01,
       -3.7514606118202209e-01, -7.3665919303894043e+00 ] ] }
   - { id:3, corners:[ [ -5.0000000000000000e-01, 5.0000000000000000e-01,
       0. ], [ 5.0000000000000000e-01, 5.0000000000000000e-01, 0. ], [
       5.0000000000000000e-01, -5.0000000000000000e-01, 0. ], [
       -5.0000000000000000e-01, -5.0000000000000000e-01, 0. ] ] }
   - { id:4, corners:[ [ 3.8480203151702881e+00, 2.1211037635803223e+00,
       -3.0724222660064697e+00 ], [ 3.8791716098785400e+00,
       2.1436259746551514e+00, -4.0716829299926758e+00 ], [
       3.8966429233551025e+00, 1.1440201997756958e+00,
       -4.0936684608459473e+00 ], [ 3.8654916286468506e+00,
       1.1214981079101563e+00, -3.0944073200225830e+00 ] ] }
   - { id:5, corners:[ [ -3.8480618000030518e+00, 2.0034370422363281e+00,
       -4.2038784027099609e+00 ], [ -3.8731753826141357e+00,
       1.9983367919921875e+00, -3.2042069435119629e+00 ], [
       -3.8589417934417725e+00, 9.9844926595687866e-01,
       -3.2089507579803467e+00 ], [ -3.8338282108306885e+00,
       1.0035495758056641e+00, -4.2086224555969238e+00 ] ] }
   - { id:10, corners:[ [ 3.7783358097076416e+00,
       -8.3252245187759399e-01, -3.3091201782226563e+00 ], [
       3.7582433223724365e+00, -8.1993758678436279e-01,
       -4.3088388442993164e+00 ], [ 3.7965524196624756e+00,
       -1.8191144466400146e+00, -4.3221869468688965e+00 ], [
       3.8166449069976807e+00, -1.8316992521286011e+00,
       -3.3224680423736572e+00 ] ] }
   - { id:11, corners:[ [ -3.9325222969055176e+00,
       -9.8570561408996582e-01, -4.1378221511840820e+00 ], [
       -3.9252147674560547e+00, -1.0205519199371338e+00,
       -3.1384558677673340e+00 ], [ -3.8934574127197266e+00,
       -2.0194323062896729e+00, -3.1735174655914307e+00 ], [
       -3.9007649421691895e+00, -1.9845860004425049e+00,
       -4.1728835105895996e+00 ] ] }
   - { id:14, corners:[ [ -3.8659944534301758e+00,
       -1.0199429988861084e+00, -1.6828963756561279e+00 ], [
       -3.8471035957336426e+00, -1.0466620922088623e+00,
       -6.8343198299407959e-01 ], [ -3.8373866081237793e+00,
       -2.0462529659271240e+00, -7.1033811569213867e-01 ], [
       -3.8562774658203125e+00, -2.0195338726043701e+00,
       -1.7098025083541870e+00 ] ] }
   - { id:15, corners:[ [ 3.8430695533752441e+00,
       -8.8821578025817871e-01, -7.8037291765213013e-01 ], [
       3.8394608497619629e+00, -8.7830293178558350e-01,
       -1.7803173065185547e+00 ], [ 3.8844017982482910e+00,
       -1.8772418498992920e+00, -1.7903823852539063e+00 ], [
       3.8880105018615723e+00, -1.8871546983718872e+00,
       -7.9043799638748169e-01 ] ] }
   - { id:16, corners:[ [ 3.8152709007263184e+00,
       -3.7772228717803955e+00, -5.6287150382995605e+00 ], [
       3.8438706398010254e+00, -3.7482886314392090e+00,
       -6.6278867721557617e+00 ], [ 3.8697676658630371e+00,
       -4.7475557327270508e+00, -6.6560826301574707e+00 ], [
       3.8411679267883301e+00, -4.7764897346496582e+00,
       -5.6569108963012695e+00 ] ] }
   - { id:17, corners:[ [ -3.8842954635620117e+00,
       -3.8833019733428955e+00, -6.8554873466491699e+00 ], [
       -3.9293205738067627e+00, -3.8978409767150879e+00,
       -5.8566074371337891e+00 ], [ -3.9097037315368652e+00,
       -4.8975548744201660e+00, -5.8702740669250488e+00 ], [
       -3.8646786212921143e+00, -4.8830161094665527e+00,
       -6.8691539764404297e+00 ] ] }
   - { id:24, corners:[ [ -2.8442230224609375e+00,
       -9.4295206069946289e+00, -7.7434434890747070e+00 ], [
       -1.8457717895507813e+00, -9.3996171951293945e+00,
       -7.6965332031250000e+00 ], [ -1.8776139020919800e+00,
       -8.4009714126586914e+00, -7.6553983688354492e+00 ], [
       -2.8760652542114258e+00, -8.4308748245239258e+00,
       -7.7023086547851563e+00 ] ] }
   - { id:25, corners:[ [ -2.2096657752990723e+00,
       -9.6751823425292969e+00, -3.5122337937355042e-01 ], [
       -3.2090854644775391e+00, -9.6767940521240234e+00,
       -3.8524770736694336e-01 ], [ -3.2118010520935059e+00,
       -8.6773242950439453e+00, -3.5281679034233093e-01 ], [
       -2.2123813629150391e+00, -8.6757125854492188e+00,
       -3.1879246234893799e-01 ] ] }
   - { id:32, corners:[ [ 3.9145154953002930e+00,
       -7.7751237154006958e-01, -5.7813191413879395e+00 ], [
       3.9147541522979736e+00, -7.6989144086837769e-01,
       -6.7812900543212891e+00 ], [ 3.9217329025268555e+00,
       -1.7698380947113037e+00, -6.7889094352722168e+00 ], [
       3.9214942455291748e+00, -1.7774589061737061e+00,
       -5.7889385223388672e+00 ] ] }
   - { id:33, corners:[ [ -3.9317224025726318e+00,
       -9.2142122983932495e-01, -6.6228942871093750e+00 ], [
       -3.8936922550201416e+00, -9.5683652162551880e-01,
       -5.6242456436157227e+00 ], [ -3.8541023731231689e+00,
       -1.9553701877593994e+00, -5.6611642837524414e+00 ], [
       -3.8921325206756592e+00, -1.9199550151824951e+00,
       -6.6598129272460938e+00 ] ] }
   - { id:34, corners:[ [ 3.7988622188568115e+00,
       -4.8855891227722168e+00, -1.3827936649322510e+00 ], [
       3.6955995559692383e+00, -4.9238295555114746e+00,
       -3.8887488842010498e-01 ], [ 3.7230021953582764e+00,
       -3.9250576496124268e+00, -3.4760081768035889e-01 ], [
       3.8262648582458496e+00, -3.8868174552917480e+00,
       -1.3415195941925049e+00 ] ] }
   - { id:35, corners:[ [ -3.9773821830749512e+00,
       -5.0856943130493164e+00, -9.3710935115814209e-01 ], [
       -3.9259536266326904e+00, -5.0330057144165039e+00,
       -1.9343951940536499e+00 ], [ -3.9412841796875000e+00,
       -4.0344743728637695e+00, -1.8824316263198853e+00 ], [
       -3.9927127361297607e+00, -4.0871629714965820e+00,
       -8.8514578342437744e-01 ] ] }
   - { id:42, corners:[ [ -3.9051389694213867e+00,
       -8.0713539123535156e+00, -1.0712175369262695e+00 ], [
       -3.8617026805877686e+00, -8.0385169982910156e+00,
       -2.0697340965270996e+00 ], [ -3.8762841224670410e+00,
       -7.0391435623168945e+00, -2.0375032424926758e+00 ], [
       -3.9197204113006592e+00, -7.0719799995422363e+00,
       -1.0389868021011353e+00 ] ] }
   - { id:43, corners:[ [ 3.8258197307586670e+00,
       -7.8993401527404785e+00, -1.5390866994857788e+00 ], [
       3.7888917922973633e+00, -7.9132571220397949e+00,
       -5.3986567258834839e-01 ], [ 3.7667186260223389e+00,
       -6.9135890007019043e+00, -5.2676165103912354e-01 ], [
       3.8036465644836426e+00, -6.8996720314025879e+00,
       -1.5259826183319092e+00 ] ] }
   - { id:44, corners:[ [ -3.8585728406906128e-01,
       -5.6355967521667480e+00, -1.5121293067932129e-01 ], [
       6.1404478549957275e-01, -5.6233797073364258e+00,
       -1.4438247680664063e-01 ], [ 6.2648350000381470e-01,
       -6.6227450370788574e+00, -1.7777019739151001e-01 ], [
       -3.7341850996017456e-01, -6.6349620819091797e+00,
       -1.8460065126419067e-01 ] ] }
   - { id:45, corners:[ [ 5.2361589670181274e-01,
       -5.3460354804992676e+00, -7.5697236061096191e+00 ], [
       -4.7516652941703796e-01, -5.3843851089477539e+00,
       -7.5386943817138672e+00 ], [ -4.3832162022590637e-01,
       -6.3825669288635254e+00, -7.5863976478576660e+00 ], [
       5.6046080589294434e-01, -6.3442173004150391e+00,
       -7.6174268722534180e+00 ] ] }
   - { id:46, corners:[ [ -6.5657949447631836e-01,
       2.6142570972442627e+00, -7.4780673980712891e+00 ], [
       3.4238836169242859e-01, 2.6226329803466797e+00,
       -7.4334244728088379e+00 ], [ 3.3235937356948853e-01,
       3.6219003200531006e+00, -7.3964910507202148e+00 ], [
       -6.6660845279693604e-01, 3.6135244369506836e+00,
       -7.4411339759826660e+00 ] ] }
