%YAML:1.0
---
aruco_bc_dict: ARUCO
aruco_bc_nmarkers: 14
aruco_bc_mInfoType: 1
aruco_bc_markers:
   - { id:10, corners:[ [ -2.3623418807983398e+00,
       2.1163008213043213e+00, -1.0884160995483398e+00 ], [
       -1.5855662822723389e+00, 2.1190555095672607e+00,
       -4.5864474773406982e-01 ], [ -1.6323814392089844e+00,
       1.1220843791961670e+00, -3.9654076099395752e-01 ], [
       -2.4091570377349854e+00, 1.1193296909332275e+00,
       -1.0263121128082275e+00 ] ] }
   - { id:11, corners:[ [ 3.1355826854705811e+00, 1.6959173679351807e+00,
       -6.3650984764099121e+00 ], [ 2.3557868003845215e+00,
       1.6513259410858154e+00, -6.9895420074462891e+00 ], [
       2.3560259342193604e+00, 6.5384477376937866e-01,
       -6.9186110496520996e+00 ], [ 3.1358218193054199e+00,
       6.9843626022338867e-01, -6.2941675186157227e+00 ] ] }
   - { id:24, corners:[ [ -1.5394517183303833e+00,
       4.7383198738098145e+00, -6.6717801094055176e+00 ], [
       -2.2694132328033447e+00, 4.7896051406860352e+00,
       -5.9902186393737793e+00 ], [ -2.2889456748962402e+00,
       3.7912659645080566e+00, -5.9360165596008301e+00 ], [
       -1.5589840412139893e+00, 3.7399809360504150e+00,
       -6.6175780296325684e+00 ] ] }
   - { id:25, corners:[ [ 3.0300359725952148e+00, 4.9772291183471680e+00,
       -5.8391177654266357e-01 ], [ 3.7499437332153320e+00,
       4.9378700256347656e+00, -1.2768646478652954e+00 ], [
       3.7457714080810547e+00, 3.9392518997192383e+00,
       -1.2244786024093628e+00 ], [ 3.0258636474609375e+00,
       3.9786109924316406e+00, -5.3152573108673096e-01 ] ] }
   - { id:46, corners:[ [ -5.0000000000000000e-01,
       5.0000000000000000e-01, 0. ], [ 5.0000000000000000e-01,
       5.0000000000000000e-01, 0. ], [ 5.0000000000000000e-01,
       -5.0000000000000000e-01, 0. ], [ -5.0000000000000000e-01,
       -5.0000000000000000e-01, 0. ] ] }
   - { id:47, corners:[ [ 3.2411050796508789e-01, 1.7673510313034058e-01,
       -7.4678516387939453e+00 ], [ -6.7512691020965576e-01,
       1.7046880722045898e-01, -7.4293098449707031e+00 ], [
       -6.6658395528793335e-01, -8.2774132490158081e-01,
       -7.3701190948486328e+00 ], [ 3.3265343308448792e-01,
       -8.2147502899169922e-01, -7.4086608886718750e+00 ] ] }
   - { id:64, corners:[ [ -2.9122612476348877e+00,
       2.5760033130645752e+00, -2.0181524753570557e+00 ], [
       -3.1717989444732666e+00, 2.5449702739715576e+00,
       -2.9833867549896240e+00 ], [ -3.1306049823760986e+00,
       3.5431883335113525e+00, -3.0265567302703857e+00 ], [
       -2.8710672855377197e+00, 3.5742213726043701e+00,
       -2.0613224506378174e+00 ] ] }
   - { id:65, corners:[ [ 4.2286119461059570e+00, 2.2592060565948486e+00,
       -4.8526978492736816e+00 ], [ 4.5027012825012207e+00,
       2.2882404327392578e+00, -3.8914318084716797e+00 ], [
       4.5227861404418945e+00, 3.2873938083648682e+00,
       -3.9273374080657959e+00 ], [ 4.2486968040466309e+00,
       3.2583594322204590e+00, -4.8886032104492188e+00 ] ] }
   - { id:72, corners:[ [ 2.5921349525451660e+00, 6.6577711105346680e+00,
       -7.2030849456787109e+00 ], [ 3.3849525451660156e+00,
       6.6823172569274902e+00, -6.5941200256347656e+00 ], [
       3.3874020576477051e+00, 7.6813697814941406e+00,
       -6.6375789642333984e+00 ], [ 2.5945844650268555e+00,
       7.6568236351013184e+00, -7.2465438842773438e+00 ] ] }
   - { id:73, corners:[ [ -1.3132343292236328e+00,
       7.0522546768188477e+00, -6.6315579414367676e-01 ], [
       -2.0889289379119873e+00, 7.0392289161682129e+00,
       -1.2941298484802246e+00 ], [ -2.0601584911346436e+00,
       8.0372467041015625e+00, -1.3501019477844238e+00 ], [
       -1.2844638824462891e+00, 8.0502719879150391e+00,
       -7.1912789344787598e-01 ] ] }
   - { id:74, corners:[ [ -2.0822925567626953e+00,
       -1.2436717748641968e+00, -6.6049656867980957e+00 ], [
       -2.7778255939483643e+00, -1.1777105331420898e+00,
       -5.8895053863525391e+00 ], [ -2.7983560562133789e+00,
       -2.1749053001403809e+00, -5.8175282478332520e+00 ], [
       -2.1028230190277100e+00, -2.2408666610717773e+00,
       -6.5329885482788086e+00 ] ] }
   - { id:75, corners:[ [ 2.9959616661071777e+00,
       -7.8893035650253296e-01, -7.6610136032104492e-01 ], [
       3.6609845161437988e+00, -8.5089850425720215e-01,
       -1.5103490352630615e+00 ], [ 3.6359438896179199e+00,
       -1.8487398624420166e+00, -1.4496407508850098e+00 ], [
       2.9709210395812988e+00, -1.7867717742919922e+00,
       -7.0539313554763794e-01 ] ] }
   - { id:90, corners:[ [ 1.6977820396423340e+00, 6.1926341056823730e+00,
       -7.3125228881835938e+00 ], [ 7.0378279685974121e-01,
       6.2134284973144531e+00, -7.4199151992797852e+00 ], [
       6.7587399482727051e-01, 5.2159447669982910e+00,
       -7.3547401428222656e+00 ], [ 1.6698732376098633e+00,
       5.1951503753662109e+00, -7.2473478317260742e+00 ] ] }
   - { id:91, corners:[ [ -6.6386312246322632e-02,
       6.5442829132080078e+00, 2.0167133212089539e-01 ], [
       9.2748057842254639e-01, 6.5486025810241699e+00,
       3.1216984987258911e-01 ], [ 9.3140387535095215e-01,
       5.5486173629760742e+00, 3.1597229838371277e-01 ], [
       -6.2463074922561646e-02, 5.5442976951599121e+00,
       2.0547378063201904e-01 ] ] }
