%YAML:1.0
---
aruco_bc_dict: ARUCO
aruco_bc_nmarkers: 53
aruco_bc_mInfoType: 1
aruco_bc_markers:
   - { id:8, corners:[ [ 1.5577522516250610e+00, -3.2751245498657227e+00,
       -3.5170471668243408e+00 ], [ 1.5003339052200317e+00,
       -3.2819206714630127e+00, -4.5153741836547852e+00 ], [
       1.4852095842361450e+00, -4.2817769050598145e+00,
       -4.5076980590820313e+00 ], [ 1.5426279306411743e+00,
       -4.2749810218811035e+00, -3.5093708038330078e+00 ] ] }
   - { id:9, corners:[ [ -6.1179852485656738e+00,
       -3.1159396171569824e+00, -4.1358194351196289e+00 ], [
       -6.0934877395629883e+00, -3.1221122741699219e+00,
       -3.1361389160156250e+00 ], [ -6.1142773628234863e+00,
       -4.1218800544738770e+00, -3.1418025493621826e+00 ], [
       -6.1387748718261719e+00, -4.1157073974609375e+00,
       -4.1414833068847656e+00 ] ] }
   - { id:10, corners:[ [ -2.0790886878967285e+00,
       -1.7344846725463867e+01, -3.4522643685340881e-01 ], [
       -1.0843861103057861e+00, -1.7374603271484375e+01,
       -4.4362020492553711e-01 ], [ -1.1134154796600342e+00,
       -1.8374143600463867e+01, -4.3481299281120300e-01 ], [
       -2.1081180572509766e+00, -1.8344387054443359e+01,
       -3.3641922473907471e-01 ] ] }
   - { id:11, corners:[ [ -7.2226220369338989e-01,
       -1.5616643905639648e+01, -7.8479638099670410e+00 ], [
       -1.7192375659942627e+00, -1.5625679016113281e+01,
       -7.9251551628112793e+00 ], [ -1.7112493515014648e+00,
       -1.6625551223754883e+01, -7.9113059043884277e+00 ], [
       -7.1427392959594727e-01, -1.6616516113281250e+01,
       -7.8341145515441895e+00 ] ] }
   - { id:16, corners:[ [ -3.7299835681915283e+00,
       -1.5554466247558594e+01, -5.0609970092773438e-01 ], [
       -4.7283072471618652e+00, -1.5546263694763184e+01,
       -4.4880789518356323e-01 ], [ -4.7202596664428711e+00,
       -1.4546300888061523e+01, -4.5173552632331848e-01 ], [
       -3.7219357490539551e+00, -1.4554503440856934e+01,
       -5.0902730226516724e-01 ] ] }
   - { id:17, corners:[ [ -4.5731234550476074e+00,
       -1.2871338844299316e+01, -8.0572805404663086e+00 ], [
       -3.5786459445953369e+00, -1.2897523880004883e+01,
       -7.9556479454040527e+00 ], [ -3.5546164512634277e+00,
       -1.1898062705993652e+01, -7.9332718849182129e+00 ], [
       -4.5490937232971191e+00, -1.1871877670288086e+01,
       -8.0349035263061523e+00 ] ] }
   - { id:20, corners:[ [ 1.1411460638046265e+00,
       -2.7934229373931885e+00, -6.0736908912658691e+00 ], [
       1.1990107297897339e+00, -2.8077292442321777e+00,
       -5.0754690170288086e+00 ], [ 1.1871033906936646e+00,
       -1.8079130649566650e+00, -5.0604491233825684e+00 ], [
       1.1292387247085571e+00, -1.7936066389083862e+00,
       -6.0586709976196289e+00 ] ] }
   - { id:21, corners:[ [ -4.7690024375915527e+00,
       -1.8548963069915771e+00, -3.4474196434020996e+00 ], [
       -5.7678141593933105e+00, -1.8451285362243652e+00,
       -3.4951691627502441e+00 ], [ -5.7581648826599121e+00,
       -8.4517878293991089e-01, -3.4924597740173340e+00 ], [
       -4.7593531608581543e+00, -8.5494661331176758e-01,
       -3.4447102546691895e+00 ] ] }
   - { id:24, corners:[ [ -1.9348521232604980e+00,
       -9.1496677398681641e+00, -7.6795601844787598e+00 ], [
       -2.9276149272918701e+00, -9.1637973785400391e+00,
       -7.5603027343750000e+00 ], [ -2.9157233238220215e+00,
       -1.0163537979125977e+01, -7.5797581672668457e+00 ], [
       -1.9229605197906494e+00, -1.0149408340454102e+01,
       -7.6990156173706055e+00 ] ] }
   - { id:25, corners:[ [ -1.9228105545043945e+00,
       -1.1483845710754395e+01, -7.0244997739791870e-02 ], [
       -9.3105757236480713e-01, -1.1472718238830566e+01,
       -1.9792497158050537e-01 ], [ -9.1945624351501465e-01,
       -1.2472645759582520e+01, -1.9495552778244019e-01 ], [
       -1.9112092256546021e+00, -1.2483773231506348e+01,
       -6.7275561392307281e-02 ] ] }
   - { id:26, corners:[ [ -5.9382557868957520e+00,
       -4.0711073875427246e+00, -5.9233875274658203e+00 ], [
       -5.9300260543823242e+00, -4.0706171989440918e+00,
       -6.9233536720275879e+00 ], [ -5.9304862022399902e+00,
       -3.0706171989440918e+00, -6.9228668212890625e+00 ], [
       -5.9387159347534180e+00, -3.0711076259613037e+00,
       -5.9229006767272949e+00 ] ] }
   - { id:27, corners:[ [ 1.6268620491027832e+00,
       -4.2612404823303223e+00, -7.0362453460693359e+00 ], [
       1.6395556926727295e+00, -4.2637863159179688e+00,
       -6.0363292694091797e+00 ], [ 1.6229145526885986e+00,
       -3.2639286518096924e+00, -6.0335721969604492e+00 ], [
       1.6102209091186523e+00, -3.2613830566406250e+00,
       -7.0334882736206055e+00 ] ] }
   - { id:28, corners:[ [ 1.4411070346832275e+00,
       -2.9032177925109863e+00, -2.0416707992553711e+00 ], [
       1.4697976112365723e+00, -2.9361329078674316e+00,
       -3.0407171249389648e+00 ], [ 1.4940657615661621e+00,
       -3.9352731704711914e+00, -3.0071020126342773e+00 ], [
       1.4653751850128174e+00, -3.9023580551147461e+00,
       -2.0080556869506836e+00 ] ] }
   - { id:29, corners:[ [ -5.9550480842590332e+00,
       -9.4780075550079346e-01, -2.0379123687744141e+00 ], [
       -5.9724206924438477e+00, -9.4659757614135742e-01,
       -1.0380641222000122e+00 ], [ -5.9740548133850098e+00,
       -1.9465955495834351e+00, -1.0368891954421997e+00 ], [
       -5.9566822052001953e+00, -1.9477987289428711e+00,
       -2.0367374420166016e+00 ] ] }
   - { id:30, corners:[ [ -4.5617308616638184e+00,
       -4.3197245597839355e+00, -7.1411223411560059e+00 ], [
       -3.5658421516418457e+00, -4.3492927551269531e+00,
       -7.2267484664916992e+00 ], [ -3.5334165096282959e+00,
       -3.3503365516662598e+00, -7.1945710182189941e+00 ], [
       -4.5293049812316895e+00, -3.3207683563232422e+00,
       -7.1089448928833008e+00 ] ] }
   - { id:31, corners:[ [ -3.8512456417083740e+00,
       -6.4351544380187988e+00, 1.5861146152019501e-02 ], [
       -4.8495950698852539e+00, -6.4211454391479492e+00,
       7.1554057300090790e-02 ], [ -4.8349571228027344e+00,
       -5.4213118553161621e+00, 8.2449860870838165e-02 ], [
       -3.8366076946258545e+00, -5.4353208541870117e+00,
       2.6756951585412025e-02 ] ] }
   - { id:32, corners:[ [ -2.4097044467926025e+00,
       -6.0606985092163086e+00, -5.5521470308303833e-01 ], [
       -1.4100399017333984e+00, -6.0676360130310059e+00,
       -5.8016926050186157e-01 ], [ -1.4172399044036865e+00,
       -7.0675554275512695e+00, -5.9063178300857544e-01 ], [
       -2.4169044494628906e+00, -7.0606179237365723e+00,
       -5.6567722558975220e-01 ] ] }
   - { id:33, corners:[ [ -1.4931915998458862e+00,
       -3.9812088012695313e+00, -6.7522077560424805e+00 ], [
       -2.4924807548522949e+00, -3.9865400791168213e+00,
       -6.7148900032043457e+00 ], [ -2.4866695404052734e+00,
       -4.9864416122436523e+00, -6.7021293640136719e+00 ], [
       -1.4873805046081543e+00, -4.9811105728149414e+00,
       -6.7394471168518066e+00 ] ] }
   - { id:34, corners:[ [ 1.6126261949539185e+00,
       -6.4290919303894043e+00, -1.4351629018783569e+00 ], [
       1.5749171972274780e+00, -6.4219198226928711e+00,
       -2.4344260692596436e+00 ], [ 1.5920749902725220e+00,
       -7.4217419624328613e+00, -2.4422497749328613e+00 ], [
       1.6297839879989624e+00, -7.4289140701293945e+00,
       -1.4429868459701538e+00 ] ] }
   - { id:35, corners:[ [ -5.2828407287597656e+00,
       -5.7799201011657715e+00, -1.2569009065628052e+00 ], [
       -5.2344541549682617e+00, -5.8377242088317871e+00,
       -2.5974631309509277e-01 ], [ -5.2721986770629883e+00,
       -6.8354411125183105e+00, -3.1575140357017517e-01 ], [
       -5.3205852508544922e+00, -6.7776370048522949e+00,
       -1.3129060268402100e+00 ] ] }
   - { id:36, corners:[ [ -5.0630241632461548e-02,
       -2.4584989547729492e+00, -5.0631970167160034e-01 ], [
       9.4906985759735107e-01, -2.4638240337371826e+00,
       -5.3022265434265137e-01 ], [ 9.4495618343353271e-01,
