%YAML:1.0
---
aruco_bc_dict: ARUCO
aruco_bc_nmarkers: 53
aruco_bc_mInfoType: 1
aruco_bc_markers:
   - { id:8, corners:[ [ 2.3090844154357910e+00, -2.4800205230712891e+00,
       -4.0463626384735107e-02 ], [ 3.3045957088470459e+00,
       -2.4584519863128662e+00, -1.3261757791042328e-01 ], [
       3.3226232528686523e+00, -3.4575252532958984e+00,
       -1.7170496284961700e-01 ], [ 2.3271119594573975e+00,
       -3.4790937900543213e+00, -7.9551011323928833e-02 ] ] }
   - { id:9, corners:[ [ 2.8794522285461426e+00, -2.4074575901031494e+00,
       -8.3764429092407227e+00 ], [ 1.8825200796127319e+00,
       -2.4768075942993164e+00, -8.3401527404785156e+00 ], [
       1.9508868455886841e+00, -3.4740841388702393e+00,
       -8.3678236007690430e+00 ], [ 2.9478187561035156e+00,
       -3.4047341346740723e+00, -8.4041137695312500e+00 ] ] }
   - { id:10, corners:[ [ -8.6725616455078125e-01,
       -1.5877563476562500e+01, -3.7808082103729248e+00 ], [
       -7.3617184162139893e-01, -1.5927780151367188e+01,
       -2.7907097339630127e+00 ], [ -7.2718143463134766e-01,
       -1.6926395416259766e+01, -2.8425490856170654e+00 ], [
       -8.5826575756072998e-01, -1.6876178741455078e+01,
       -3.8326475620269775e+00 ] ] }
   - { id:11, corners:[ [ 7.4028182029724121e+00,
       -1.5601418495178223e+01, -3.5654408931732178e+00 ], [
       7.3052935600280762e+00, -1.5593692779541016e+01,
       -4.5606441497802734e+00 ], [ 7.3303894996643066e+00,
       -1.6593324661254883e+01, -4.5708637237548828e+00 ], [
       7.4279141426086426e+00, -1.6601051330566406e+01,
       -3.5756607055664063e+00 ] ] }
   - { id:16, corners:[ [ -8.3103317022323608e-01,
       -1.4030365943908691e+01, -5.5931515693664551e+00 ], [
       -9.1884917020797729e-01, -1.4000862121582031e+01,
       -6.5888514518737793e+00 ], [ -9.3905836343765259e-01,
       -1.3001559257507324e+01, -6.5574593544006348e+00 ], [
       -8.5124236345291138e-01, -1.3031063079833984e+01,
       -5.5617594718933105e+00 ] ] }
   - { id:17, corners:[ [ 7.0399398803710938e+00,
       -1.3654443740844727e+01, -7.0930848121643066e+00 ], [
       7.1030907630920410e+00, -1.3704803466796875e+01,
       -6.0963521003723145e+00 ], [ 7.0656862258911133e+00,
       -1.2706897735595703e+01, -6.0435633659362793e+00 ], [
       7.0025353431701660e+00, -1.2656538009643555e+01,
       -7.0402960777282715e+00 ] ] }
   - { id:20, corners:[ [ 5.9112691879272461e+00, 1.2134749889373779e+00,
       -7.1268172264099121e+00 ], [ 5.9141840934753418e+00,
       1.1913967132568359e+00, -6.1270651817321777e+00 ], [
       5.8655614852905273e+00, 2.1899673938751221e+00,
       -6.1048712730407715e+00 ], [ 5.8626465797424316e+00,
       2.2120456695556641e+00, -7.1046233177185059e+00 ] ] }
   - { id:21, corners:[ [ -1.6645170450210571e+00,
       1.1131139993667603e+00, -6.3251914978027344e+00 ], [
       -1.6993788480758667e+00, 1.1388511657714844e+00,
       -7.3242521286010742e+00 ], [ -1.7064162492752075e+00,
       2.1384882926940918e+00, -7.2982549667358398e+00 ], [
       -1.6715544462203979e+00, 2.1127512454986572e+00,
       -6.2991943359375000e+00 ] ] }
   - { id:24, corners:[ [ 6.9022669792175293e+00,
       -9.7033424377441406e+00, -4.1130180358886719e+00 ], [
       6.7606701850891113e+00, -9.6869850158691406e+00,
       -5.1028070449829102e+00 ], [ 6.8129467964172363e+00,
       -1.0685329437255859e+01, -5.1267843246459961e+00 ], [
       6.9545435905456543e+00, -1.0701686859130859e+01,
       -4.1369953155517578e+00 ] ] }
   - { id:25, corners:[ [ -1.2152926921844482e+00,
       -1.0026566505432129e+01, -3.4624669551849365e+00 ], [
       -1.0322262048721313e+00, -1.0041457176208496e+01,
       -2.4794790744781494e+00 ], [ -1.0120811462402344e+00,
       -1.1041075706481934e+01, -2.4983727931976318e+00 ], [
       -1.1951476335525513e+00, -1.1026185035705566e+01,
       -3.4813606739044189e+00 ] ] }
   - { id:26, corners:[ [ 4.1184191703796387e+00,
       -4.1549748182296753e-01, -7.8401279449462891e+00 ], [
       5.1159801483154297e+00, -3.6433404684066772e-01,
       -7.7926492691040039e+00 ], [ 5.0642695426940918e+00,
       6.3427430391311646e-01, -7.7822837829589844e+00 ], [
       4.0667085647583008e+00, 5.8311086893081665e-01,
       -7.8297624588012695e+00 ] ] }
   - { id:27, corners:[ [ 5.2912368774414063e+00,
       -5.1244419813156128e-01, -3.9615741372108459e-01 ], [
       4.2924103736877441e+00, -5.4130494594573975e-01,
       -3.5726290941238403e-01 ], [ 4.2646722793579102e+00,
       4.5788660645484924e-01, -3.2816401124000549e-01 ], [
       5.2634987831115723e+00, 4.8674738407135010e-01,
       -3.6705851554870605e-01 ] ] }
   - { id:28, corners:[ [ -5.0000000000000000e-01,
       5.0000000000000000e-01, 0. ], [ 5.0000000000000000e-01,
       5.0000000000000000e-01, 0. ], [ 5.0000000000000000e-01,
       -5.0000000000000000e-01, 0. ], [ -5.0000000000000000e-01,
       -5.0000000000000000e-01, 0. ] ] }
   - { id:29, corners:[ [ 1.4310014247894287e-01, 4.0611964464187622e-01,
       -7.8143081665039063e+00 ], [ -8.5536742210388184e-01,
       3.6662775278091431e-01, -7.8530759811401367e+00 ], [
       -8.1503003835678101e-01, -6.3233190774917603e-01,
       -7.8743505477905273e+00 ], [ 1.8343755602836609e-01,
       -5.9283995628356934e-01, -7.8355827331542969e+00 ] ] }
   - { id:30, corners:[ [ 6.3945021629333496e+00,
       -4.7100119590759277e+00, -7.1963791847229004e+00 ], [
       6.4091935157775879e+00, -4.7427105903625488e+00,
       -6.1970219612121582e+00 ], [ 6.3620495796203613e+00,
       -3.7443797588348389e+00, -6.1636633872985840e+00 ], [
       6.3473582267761230e+00, -3.7116808891296387e+00,
       -7.1630206108093262e+00 ] ] }
   - { id:31, corners:[ [ -1.5250141620635986e+00,
       -4.9328846931457520e+00, -5.3737649917602539e+00 ], [
       -1.6381103992462158e+00, -4.8959822654724121e+00,
       -6.3666639328002930e+00 ], [ -1.6668882369995117e+00,
       -3.8972132205963135e+00, -6.3262653350830078e+00 ], [
       -1.5537919998168945e+00, -3.9341156482696533e+00,
       -5.3333663940429688e+00 ] ] }
   - { id:32, corners:[ [ -1.1337466239929199e+00,
       -3.9868452548980713e+00, -4.1599068641662598e+00 ], [
       -1.0582430362701416e+00, -4.0128583908081055e+00,
       -3.1631007194519043e+00 ], [ -1.0255761146545410e+00,
       -5.0119171142578125e+00, -3.1916470527648926e+00 ], [
       -1.1010797023773193e+00, -4.9859037399291992e+00,
       -4.1884531974792480e+00 ] ] }
   - { id:33, corners:[ [ 6.4680290222167969e+00,
       -3.8185992240905762e+00, -3.6581172943115234e+00 ], [
       6.4112462997436523e+00, -3.8228838443756104e+00,
       -4.6564946174621582e+00 ], [ 6.4350576400756836e+00,
       -4.8225960731506348e+00, -4.6535587310791016e+00 ], [
       6.4918403625488281e+00, -4.8183116912841797e+00,
       -3.6551814079284668e+00 ] ] }
   - { id:34, corners:[ [ -1.1286631226539612e-01,
       -5.6213188171386719e+00, -1.3643148541450500e-01 ], [
       8.8369691371917725e-01, -5.5805382728576660e+00,
       -2.0853286981582642e-01 ], [ 9.2362248897552490e-01,
       -6.5796527862548828e+00, -2.2179296612739563e-01 ], [
       -7.2940766811370850e-02, -6.6204333305358887e+00,
       -1.4969158172607422e-01 ] ] }
   - { id:35, corners:[ [ 4.6365895867347717e-01,
       -5.5260572433471680e+00, -7.9269752502441406e+00 ], [
       -5.3319573402404785e-01, -5.5990242958068848e+00,
       -7.8960456848144531e+00 ], [ -4.6072283387184143e-01,
       -6.5962533950805664e+00, -7.9128522872924805e+00 ], [
       5.3613185882568359e-01, -6.5232863426208496e+00,
       -7.9437818527221680e+00 ] ] }
   - { id:36, corners:[ [ -1.0086795091629028e+00,
       -9.5618420839309692e-01, -1.8346346616744995e+00 ], [
       -9.3144750595092773e-01, -9.7973966598510742e-01,
       -8.3789974451065063e-01 ], [ -9.5924150943756104e-01,
       -1.9791228771209717e+00, -8.5936415195465088e-01 ], [
       -1.0364735126495361e+00, -1.9555673599243164e+00,
       -1.8560991287231445e+00 ] ] }
