%YAML:1.0
---
aruco_bc_dict: ARUCO
aruco_bc_nmarkers: 54
aruco_bc_mInfoType: 1
aruco_bc_markers:
   - { id:8, corners:[ [ -2.9951303005218506e+00,
       -3.4629688262939453e+00, -7.8543524742126465e+00 ], [
       -1.9952762126922607e+00, -3.4749336242675781e+00,
       -7.8421645164489746e+00 ], [ -1.9834277629852295e+00,
       -2.4750494956970215e+00, -7.8326029777526855e+00 ], [
       -2.9832818508148193e+00, -2.4630846977233887e+00,
       -7.8447909355163574e+00 ] ] }
   - { id:9, corners:[ [ -2.2789175510406494e+00,
       -3.4273767471313477e+00, -1.6726092994213104e-01 ], [
       -3.2786779403686523e+00, -3.4116163253784180e+00,
       -1.8245129287242889e-01 ], [ -3.2630398273468018e+00,
       -2.4117717742919922e+00, -1.7432196438312531e-01 ], [
       -2.2632794380187988e+00, -2.4275321960449219e+00,
       -1.5913160145282745e-01 ] ] }
   - { id:10, corners:[ [ -3.5997657775878906e+00,
       1.0790932178497314e+00, -3.5227673053741455e+00 ], [
       -3.5456569194793701e+00, 1.0796651840209961e+00,
       -4.5213022232055664e+00 ], [ -3.5497307777404785e+00,
       2.0796568393707275e+00, -4.5209503173828125e+00 ], [
       -3.6038396358489990e+00, 2.0790848731994629e+00,
       -3.5224151611328125e+00 ] ] }
   - { id:11, corners:[ [ 3.8475193977355957e+00, 9.8347157239913940e-01,
       -4.1274852752685547e+00 ], [ 3.8099040985107422e+00,
       1.0083647966384888e+00, -3.1285033226013184e+00 ], [
       3.8275537490844727e+00, 2.0079150199890137e+00,
       -3.1527459621429443e+00 ], [ 3.8651690483093262e+00,
       1.9830218553543091e+00, -4.1517281532287598e+00 ] ] }
   - { id:16, corners:[ [ -3.8612709045410156e+00,
       -9.0873456001281738e-01, -1.9327192306518555e+00 ], [
       -3.8916094303131104e+00, -9.0584427118301392e-01,
       -9.3318378925323486e-01 ], [ -3.9014754295349121e+00,
       -1.9057922363281250e+00, -9.3059176206588745e-01 ], [
       -3.8711369037628174e+00, -1.9086825847625732e+00,
       -1.9301272630691528e+00 ] ] }
   - { id:17, corners:[ [ 3.5618500709533691e+00,
       -1.0286812782287598e+00, -7.4429619312286377e-01 ], [
       3.6004016399383545e+00, -1.0212693214416504e+00,
       -1.7435252666473389e+00 ], [ 3.5792574882507324e+00,
       -2.0210118293762207e+00, -1.7517567873001099e+00 ], [
       3.5407059192657471e+00, -2.0284237861633301e+00,
       -7.5252771377563477e-01 ] ] }
   - { id:20, corners:[ [ 2.9501786231994629e+00,
       -5.5684347152709961e+00, -7.1947755813598633e+00 ], [
       1.9519691467285156e+00, -5.5389432907104492e+00,
       -7.2468132972717285e+00 ], [ 1.9219951629638672e+00,
       -6.5384578704833984e+00, -7.2382984161376953e+00 ], [
       2.9202046394348145e+00, -6.5679492950439453e+00,
       -7.1862607002258301e+00 ] ] }
   - { id:21, corners:[ [ 1.6440138816833496e+00,
       -5.5441737174987793e+00, 4.7442400455474854e-01 ], [
       2.6433570384979248e+00, -5.5710024833679199e+00,
       4.9878388643264771e-01 ], [ 2.6167325973510742e+00,
       -6.5706105232238770e+00, 4.9012714624404907e-01 ], [
       1.6173894405364990e+00, -6.5437817573547363e+00,
       4.6576726436614990e-01 ] ] }
   - { id:24, corners:[ [ 3.6430573463439941e+00,
       -5.0121326446533203e+00, -3.9584004878997803e+00 ], [
       3.6083414554595947e+00, -5.0046024322509766e+00,
       -2.9590315818786621e+00 ], [ 3.6319513320922852e+00,
       -4.0049037933349609e+00, -2.9657442569732666e+00 ], [
       3.6666672229766846e+00, -4.0124340057373047e+00,
       -3.9651131629943848e+00 ] ] }
   - { id:25, corners:[ [ -3.8236539363861084e+00,
       -4.8814334869384766e+00, -3.2850615978240967e+00 ], [
       -3.7935309410095215e+00, -4.8915352821350098e+00,
       -4.2845568656921387e+00 ], [ -3.7782933712005615e+00,
       -3.8916978836059570e+00, -4.2942028045654297e+00 ], [
       -3.8084163665771484e+00, -3.8815960884094238e+00,
       -3.2947075366973877e+00 ] ] }
   - { id:26, corners:[ [ 2.0776014328002930e+00, 3.4607717990875244e+00,
       -7.6820410788059235e-02 ], [ 3.0775370597839355e+00,
       3.4559111595153809e+00, -8.7065525352954865e-02 ], [
       3.0726928710937500e+00, 2.4559242725372314e+00,
       -8.5458271205425262e-02 ], [ 2.0727572441101074e+00,
       2.4607849121093750e+00, -7.5213156640529633e-02 ] ] }
   - { id:27, corners:[ [ 2.9294323921203613e+00, 3.4158179759979248e+00,
       -7.7580952644348145e+00 ], [ 1.9296363592147827e+00,
       3.4355435371398926e+00, -7.7624201774597168e+00 ], [
       1.9098672866821289e+00, 2.4357917308807373e+00,
       -7.7521290779113770e+00 ], [ 2.9096632003784180e+00,
       2.4160661697387695e+00, -7.7478041648864746e+00 ] ] }
   - { id:28, corners:[ [ 3.5880908966064453e+00,
       -5.0451579093933105e+00, -6.5239572525024414e+00 ], [
       3.5685861110687256e+00, -5.0280075073242188e+00,
       -5.5242943763732910e+00 ], [ 3.5776257514953613e+00,
       -4.0281920433044434e+00, -5.5412712097167969e+00 ], [
       3.5971305370330811e+00, -4.0453424453735352e+00,
       -6.5409340858459473e+00 ] ] }
   - { id:29, corners:[ [ -3.8819320201873779e+00,
       -4.8700537681579590e+00, -5.8613228797912598e+00 ], [
       -3.8595886230468750e+00, -4.8814411163330078e+00,
       -6.8610081672668457e+00 ], [ -3.8479607105255127e+00,
       -3.8815705776214600e+00, -6.8721375465393066e+00 ], [
       -3.8703041076660156e+00, -3.8701832294464111e+00,
       -5.8724522590637207e+00 ] ] }
   - { id:30, corners:[ [ -5.0000000000000000e-01,
       5.0000000000000000e-01, 0. ], [ 5.0000000000000000e-01,
       5.0000000000000000e-01, 0. ], [ 5.0000000000000000e-01,
       -5.0000000000000000e-01, 0. ], [ -5.0000000000000000e-01,
       -5.0000000000000000e-01, 0. ] ] }
   - { id:31, corners:[ [ 5.2791464328765869e-01, 4.8640304803848267e-01,
       -7.6604385375976563e+00 ], [ -4.7159504890441895e-01,
       4.8920762538909912e-01, -7.6916217803955078e+00 ], [
       -4.7451087832450867e-01, -5.1078194379806519e-01,
       -7.6880979537963867e+00 ], [ 5.2499884366989136e-01,
       -5.1358652114868164e-01, -7.6569147109985352e+00 ] ] }
   - { id:32, corners:[ [ -3.1027545928955078e+00,
       1.3161602020263672e+00, -6.1919960975646973e+00 ], [
       -3.5569486618041992e+00, 1.1330090761184692e+00,
       -7.0638699531555176e+00 ], [ -4.2117953300476074e+00,
       1.8651862144470215e+00, -6.8765397071838379e+00 ], [
       -3.7576012611389160e+00, 2.0483374595642090e+00,
       -6.0046658515930176e+00 ] ] }
   - { id:33, corners:[ [ 3.8610105514526367e+00, 9.6859610080718994e-01,
       -6.8799948692321777e+00 ], [ 3.8273987770080566e+00,
       9.8765808343887329e-01, -5.8807420730590820e+00 ], [
       3.8274765014648438e+00, 1.9874762296676636e+00,
       -5.8998122215270996e+00 ], [ 3.8610882759094238e+00,
       1.9684143066406250e+00, -6.8990650177001953e+00 ] ] }
   - { id:34, corners:[ [ -3.0601315498352051e+00,
       -9.5011262893676758e+00, -7.3682856559753418e+00 ], [
       -2.0609178543090820e+00, -9.5127153396606445e+00,
       -7.3303637504577637e+00 ], [ -2.0487422943115234e+00,
       -8.5129060745239258e+00, -7.3456397056579590e+00 ], [
       -3.0479559898376465e+00, -8.5013170242309570e+00,
       -7.3835616111755371e+00 ] ] }
   - { id:35, corners:[ [ -2.2614071369171143e+00,
       -9.5084743499755859e+00, 4.3557402491569519e-01 ], [
       -3.2606222629547119e+00, -9.4748096466064453e+00,
       4.1469326615333557e-01 ], [ -3.2267429828643799e+00,
       -8.4754333496093750e+00, 4.0467420220375061e-01 ], [
       -2.2275278568267822e+00, -8.5090980529785156e+00,
       4.2555496096611023e-01 ] ] }
   - { id:36, corners:[ [ -3.8949477672576904e+00,
       -4.9146575927734375e+00, -8.5123121738433838e-01 ], [
       -3.8777828216552734e+00, -4.9206113815307617e+00,
       -1.8510662317276001e+00 ], [ -3.8996779918670654e+00,
       -3.9208710193634033e+00, -1.8573952913284302e+00 ], [
       -3.9168429374694824e+00, -3.9149172306060791e+00,
       -8.5756027698516846e-01 ] ] }
