%YAML:1.0
---
aruco_bc_dict: ARUCO
aruco_bc_nmarkers: 54
aruco_bc_mInfoType: 1
aruco_bc_markers:
   - { id:8, corners:[ [ 2.8994014263153076e+00, -4.9233525991439819e-01,
       -1.9932912290096283e-01 ], [ 1.8995990753173828e+00,
       -4.8050382733345032e-01, -2.1530225872993469e-01 ], [
       1.9119951725006104e+00, 5.1878100633621216e-01,
       -2.5102728605270386e-01 ], [ 2.9117975234985352e+00,
       5.0694960355758667e-01, -2.3505413532257080e-01 ] ] }
   - { id:9, corners:[ [ 2.1811501979827881e+00, -6.9076406955718994e-01,
       -7.7565298080444336e+00 ], [ 3.1809301376342773e+00,
       -6.8880790472030640e-01, -7.7356371879577637e+00 ], [
       3.1797912120819092e+00, 3.1042847037315369e-01,
       -7.7746944427490234e+00 ], [ 2.1800112724304199e+00,
       3.0847227573394775e-01, -7.7955870628356934e+00 ] ] }
   - { id:10, corners:[ [ 6.0387268066406250e+00, 1.2839838027954102e+01,
       -4.5389680862426758e+00 ], [ 6.1148166656494141e+00,
       1.2888242721557617e+01, -3.5430426597595215e+00 ], [
       6.1245527267456055e+00, 1.3886980056762695e+01,
       -3.5923280715942383e+00 ], [ 6.0484628677368164e+00,
       1.3838575363159180e+01, -4.5882534980773926e+00 ] ] }
   - { id:11, corners:[ [ -1.4373058080673218e+00,
       1.2914233207702637e+01, -2.9808795452117920e+00 ], [
       -1.5174763202667236e+00, 1.2904261589050293e+01,
       -3.9776108264923096e+00 ], [ -1.5028003454208374e+00,
       1.3904091835021973e+01, -3.9887936115264893e+00 ], [
       -1.4226298332214355e+00, 1.3914063453674316e+01,
       -2.9920623302459717e+00 ] ] }
   - { id:16, corners:[ [ 6.0527839660644531e+00, 1.0793445587158203e+01,
       -6.0654387474060059e+00 ], [ 5.9551372528076172e+00,
       1.0753525733947754e+01, -7.0598587989807129e+00 ], [
       5.9682550430297852e+00, 9.7543659210205078e+00,
       -7.0210366249084473e+00 ], [ 6.0659017562866211e+00,
       9.7942857742309570e+00, -6.0266165733337402e+00 ] ] }
   - { id:17, corners:[ [ -1.6043148040771484e+00,
       1.0804633140563965e+01, -6.2954406738281250e+00 ], [
       -1.5177743434906006e+00, 1.0860861778259277e+01,
       -5.3007807731628418e+00 ], [ -1.5298376083374023e+00,
       9.8625879287719727e+00, -5.2432975769042969e+00 ], [
       -1.6163780689239502e+00, 9.8063592910766602e+00,
       -6.2379574775695801e+00 ] ] }
   - { id:20, corners:[ [ -5.0000000000000000e-01,
       5.0000000000000000e-01, 0. ], [ 5.0000000000000000e-01,
       5.0000000000000000e-01, 0. ], [ 5.0000000000000000e-01,
       -5.0000000000000000e-01, 0. ], [ -5.0000000000000000e-01,
       -5.0000000000000000e-01, 0. ] ] }
   - { id:21, corners:[ [ 3.1393891572952271e-01, 3.1056123971939087e-01,
       -7.5990242958068848e+00 ], [ -6.8564683198928833e-01,
       3.0675733089447021e-01, -7.5704951286315918e+00 ], [
       -6.8069320917129517e-01, -6.9241648912429810e-01,
       -7.5301575660705566e+00 ], [ 3.1889253854751587e-01,
       -6.8861258029937744e-01, -7.5586867332458496e+00 ] ] }
   - { id:24, corners:[ [ -1.3146028518676758e+00,
       6.9424576759338379e+00, -3.6501221656799316e+00 ], [
       -1.2113437652587891e+00, 6.9147324562072754e+00,
       -4.6443901062011719e+00 ], [ -1.2243137359619141e+00,
       7.9142212867736816e+00, -4.6736083030700684e+00 ], [
       -1.3275728225708008e+00, 7.9419465065002441e+00,
       -3.6793401241302490e+00 ] ] }
   - { id:25, corners:[ [ 6.3651375770568848e+00, 6.9695348739624023e+00,
       -3.7735180854797363e+00 ], [ 6.2530183792114258e+00,
       6.9981675148010254e+00, -2.7802360057830811e+00 ], [
       6.2494320869445801e+00, 7.9977340698242188e+00,
       -2.8094544410705566e+00 ], [ 6.3615512847900391e+00,
       7.9691014289855957e+00, -3.8027365207672119e+00 ] ] }
   - { id:26, corners:[ [ -2.9477623105049133e-01,
       1.5270523071289063e+01, -7.1119918823242188e+00 ], [
       -1.2797268629074097e+00, 1.5276252746582031e+01,
       -6.9392509460449219e+00 ], [ -1.2771770954132080e+00,
       1.4277393341064453e+01, -6.8915767669677734e+00 ], [
       -2.9222640395164490e-01, 1.4271663665771484e+01,
       -7.0643177032470703e+00 ] ] }
   - { id:27, corners:[ [ 2.5449198484420776e-01, 1.5565118789672852e+01,
       5.2723890542984009e-01 ], [ 1.2376623153686523e+00,
       1.5554697036743164e+01, 3.4484499692916870e-01 ], [
       1.2310433387756348e+00, 1.4554948806762695e+01,
       3.6628997325897217e-01 ], [ 2.4787306785583496e-01,
       1.4565370559692383e+01, 5.4868388175964355e-01 ] ] }
   - { id:28, corners:[ [ -1.0616375207901001e+00,
       7.0238018035888672e+00, -1.0483173131942749e+00 ], [
       -9.6096968650817871e-01, 7.0020141601562500e+00,
       -2.0429987907409668e+00 ], [ -9.6729338169097900e-01,
       8.0017404556274414e+00, -2.0655369758605957e+00 ], [
       -1.0679612159729004e+00, 8.0235280990600586e+00,
       -1.0708553791046143e+00 ] ] }
   - { id:29, corners:[ [ 6.6257338523864746e+00, 7.0739636421203613e+00,
       -1.1625374555587769e+00 ], [ 6.5171031951904297e+00,
       7.1060814857482910e+00, -1.6897433996200562e-01 ], [
       6.5141673088073730e+00, 8.1055450439453125e+00,
       -2.0160409808158875e-01 ], [ 6.6227979660034180e+00,
       8.0734262466430664e+00, -1.1951673030853271e+00 ] ] }
   - { id:30, corners:[ [ -1.2741718292236328e+00,
       1.8215221166610718e+00, -6.7096328735351563e+00 ], [
       -1.2680276632308960e+00, 1.8645039796829224e+00,
       -5.7105755805969238e+00 ], [ -1.2717888355255127e+00,
       8.6543619632720947e-01, -5.6675701141357422e+00 ], [
       -1.2779330015182495e+00, 8.2245433330535889e-01,
       -6.6666274070739746e+00 ] ] }
   - { id:31, corners:[ [ 6.3510479927062988e+00, 1.8470442295074463e+00,
       -5.7822146415710449e+00 ], [ 6.3639760017395020e+00,
       1.8071558475494385e+00, -6.7813353538513184e+00 ], [
       6.3609929084777832e+00, 8.0795472860336304e-01,
       -6.7414822578430176e+00 ], [ 6.3480648994445801e+00,
       8.4784317016601563e-01, -5.7423615455627441e+00 ] ] }
   - { id:32, corners:[ [ 6.3553247451782227e+00, 8.6339938640594482e-01,
       -4.1447286605834961e+00 ], [ 6.3603787422180176e+00,
       9.0270829200744629e-01, -3.1455142498016357e+00 ], [
       6.3549270629882813e+00, 1.9019216299057007e+00,
       -3.1847953796386719e+00 ], [ 6.3498730659484863e+00,
       1.8626127243041992e+00, -4.1840100288391113e+00 ] ] }
   - { id:33, corners:[ [ -1.3708620071411133e+00,
       9.2594885826110840e-01, -3.2330932617187500e+00 ], [
       -1.3537874221801758e+00, 9.1141080856323242e-01,
       -4.2328419685363770e+00 ], [ -1.3409631252288818e+00,
       1.9112260341644287e+00, -4.2471618652343750e+00 ], [
       -1.3580377101898193e+00, 1.9257640838623047e+00,
       -3.2474131584167480e+00 ] ] }
   - { id:34, corners:[ [ 5.5502333641052246e+00, 2.4948525428771973e+00,
       -8.5271999239921570e-02 ], [ 4.5502662658691406e+00,
       2.4929916858673096e+00, -9.3163780868053436e-02 ], [
       4.5484185218811035e+00, 3.4929885864257813e+00,
       -9.4867587089538574e-02 ], [ 5.5483856201171875e+00,
       3.4948494434356689e+00, -8.6975805461406708e-02 ] ] }
   - { id:35, corners:[ [ 4.5278120040893555e+00, 2.2716853618621826e+00,
       -7.7191343307495117e+00 ], [ 5.5276780128479004e+00,
       2.2847304344177246e+00, -7.7092523574829102e+00 ], [
       5.5149250030517578e+00, 3.2842261791229248e+00,
       -7.7383298873901367e+00 ], [ 4.5150589942932129e+00,
       3.2711811065673828e+00, -7.7482118606567383e+00 ] ] }
   - { id:36, corners:[ [ 6.2537031173706055e+00,
       -2.0837373733520508e+00, -1.8289554119110107e+00 ], [
       6.2820954322814941e+00, -2.0520477294921875e+00,
       -8.2986098527908325e-01 ], [ 6.3366937637329102e+00,
       -1.0540914535522461e+00, -8.6306619644165039e-01 ], [
       6.3083014488220215e+00, -1.0857812166213989e+00,
       -1.8621606826782227e+00 ] ] }
   - { id:37, corners:[ [ -1.3300381898880005e+00,
       -1.9417840242385864e+00, -8.4436315298080444e-01 ], [
