%YAML:1.0
---
aruco_bc_dict: ARUCO
aruco_bc_nmarkers: 103
aruco_bc_mInfoType: 1
aruco_bc_markers:
   - { id:0, corners:[ [ -5.1745643615722656e+00,
       -3.8879652023315430e+00, -4.4534430503845215e+00 ], [
       -5.2027196884155273e+00, -3.9074778556823730e+00,
       -3.4540300369262695e+00 ], [ -5.2255058288574219e+00,
       -4.9070148468017578e+00, -3.4741871356964111e+00 ], [
       -5.1973505020141602e+00, -4.8875021934509277e+00,
       -4.4736003875732422e+00 ] ] }
   - { id:1, corners:[ [ 2.4071381092071533e+00, -3.9402337074279785e+00,
       -3.1712152957916260e+00 ], [ 2.4258818626403809e+00,
       -3.9235172271728516e+00, -4.1708998680114746e+00 ], [
       2.4082334041595459e+00, -4.9232163429260254e+00,
       -4.1879472732543945e+00 ], [ 2.3894896507263184e+00,
       -4.9399328231811523e+00, -3.1882629394531250e+00 ] ] }
   - { id:2, corners:[ [ 2.5660979747772217e+00, -1.0054155349731445e+01,
       -8.0597219467163086e+00 ], [ 2.6058983802795410e+00,
       -1.0059617996215820e+01, -9.0589141845703125e+00 ], [
       2.5978062152862549e+00, -1.1059572219848633e+01,
       -9.0537691116333008e+00 ], [ 2.5580058097839355e+00,
       -1.1054109573364258e+01, -8.0545768737792969e+00 ] ] }
   - { id:3, corners:[ [ -4.8477425575256348e+00,
       -9.9176664352416992e+00, -9.3136024475097656e+00 ], [
       -4.8290419578552246e+00, -9.9715051651000977e+00,
       -8.3152275085449219e+00 ], [ -4.8703551292419434e+00,
       -1.0969243049621582e+01, -8.3682575225830078e+00 ], [
       -4.8890557289123535e+00, -1.0915404319763184e+01,
       -9.3666324615478516e+00 ] ] }
   - { id:4, corners:[ [ -5.1334428787231445e+00,
       -6.9707441329956055e+00, 1.1471536159515381e+00 ], [
       -5.1275806427001953e+00, -6.9689798355102539e+00,
       2.1471350193023682e+00 ], [ -5.1575031280517578e+00,
       -7.9685306549072266e+00, 2.1490738391876221e+00 ], [
       -5.1633653640747070e+00, -7.9702949523925781e+00,
       1.1490925550460815e+00 ] ] }
   - { id:5, corners:[ [ 2.3337798118591309e+00, -7.1204829216003418e+00,
       2.0994606018066406e+00 ], [ 2.3339216709136963e+00,
       -7.1070995330810547e+00, 1.0995501279830933e+00 ], [
       2.3267745971679688e+00, -8.1069841384887695e+00,
       1.0861661434173584e+00 ], [ 2.3266327381134033e+00,
       -8.1203680038452148e+00, 2.0860767364501953e+00 ] ] }
   - { id:6, corners:[ [ -4.7975788116455078e+00, 2.0957314968109131e+00,
       -3.3713681697845459e+00 ], [ -4.8145852088928223e+00,
       2.0746729373931885e+00, -2.3717346191406250e+00 ], [
       -4.8473901748657227e+00, 1.0754446983337402e+00,
       -2.3933427333831787e+00 ], [ -4.8303837776184082e+00,
       1.0965033769607544e+00, -3.3929762840270996e+00 ] ] }
   - { id:7, corners:[ [ 2.6406917572021484e+00, 1.9713432788848877e+00,
       -2.3582310676574707e+00 ], [ 2.6445577144622803e+00,
       1.9671258926391602e+00, -3.3582146167755127e+00 ], [
       2.6381454467773438e+00, 9.6715521812438965e-01,
       -3.3540220260620117e+00 ], [ 2.6342794895172119e+00,
       9.7137260437011719e-01, -2.3540384769439697e+00 ] ] }
   - { id:8, corners:[ [ -4.7818460464477539e+00, 2.1592164039611816e+00,
       -1.1840140342712402e+01 ], [ -4.8229656219482422e+00,
       2.1483869552612305e+00, -1.0841044425964355e+01 ], [
       -4.8195266723632813e+00, 1.1484501361846924e+00,
       -1.0851740837097168e+01 ], [ -4.7784070968627930e+00,
       1.1592794656753540e+00, -1.1850836753845215e+01 ] ] }
   - { id:9, corners:[ [ 2.6318602561950684e+00, 2.0392432212829590e+00,
       -1.0845947265625000e+01 ], [ 2.6574244499206543e+00,
       2.0473830699920654e+00, -1.1845587730407715e+01 ], [
       2.6610407829284668e+00, 1.0474220514297485e+00,
       -1.1853637695312500e+01 ], [ 2.6354765892028809e+00,
       1.0392823219299316e+00, -1.0853997230529785e+01 ] ] }
   - { id:10, corners:[ [ -5.0113282203674316e+00,
       -6.9198608398437500e+00, -9.4704294204711914e+00 ], [
       -5.0187253952026367e+00, -6.9291791915893555e+00,
       -8.4704999923706055e+00 ], [ -5.0461201667785645e+00,
       -7.9287586212158203e+00, -8.4800176620483398e+00 ], [
       -5.0387229919433594e+00, -7.9194402694702148e+00,
       -9.4799470901489258e+00 ] ] }
   - { id:11, corners:[ [ 2.3899250030517578e+00,
       -7.0056672096252441e+00, -8.4493522644042969e+00 ], [
       2.4153771400451660e+00, -7.0249533653259277e+00,
       -9.4488420486450195e+00 ], [ 2.4040932655334473e+00,
       -8.0247087478637695e+00, -9.4298381805419922e+00 ], [
       2.3786411285400391e+00, -8.0054235458374023e+00,
       -8.4303483963012695e+00 ] ] }
   - { id:13, corners:[ [ -3.5957548618316650e+00,
       -3.4290583133697510e+00, -7.0198558270931244e-02 ], [
       -4.5936865806579590e+00, -3.4141795635223389e+00,
       -1.3273389637470245e-01 ], [ -4.5790386199951172e+00,
       -2.4142954349517822e+00, -1.2858818471431732e-01 ], [
       -3.5811066627502441e+00, -2.4291741847991943e+00,
       -6.6052839159965515e-02 ] ] }
   - { id:14, corners:[ [ 2.6895530223846436e+00,
       -6.9838032722473145e+00, -1.0914022445678711e+01 ], [
       2.7099878787994385e+00, -6.9869923591613770e+00,
       -1.1913808822631836e+01 ], [ 2.7191970348358154e+00,
       -7.9869446754455566e+00, -1.1910430908203125e+01 ], [
       2.6987621784210205e+00, -7.9837555885314941e+00,
       -1.0910644531250000e+01 ] ] }
   - { id:15, corners:[ [ -4.7210855484008789e+00,
       -6.9159069061279297e+00, -1.2036555290222168e+01 ], [
       -4.7431044578552246e+00, -6.9336848258972168e+00,
       -1.1036955833435059e+01 ], [ -4.7763671875000000e+00,
       -7.9329605102539063e+00, -1.1055460929870605e+01 ], [
       -4.7543482780456543e+00, -7.9151825904846191e+00,
       -1.2055060386657715e+01 ] ] }
   - { id:16, corners:[ [ -4.2466011047363281e+00,
       -8.4770803451538086e+00, -5.1034288406372070e+00 ], [
       -3.2474658489227295e+00, -8.5081672668457031e+00,
       -5.0758190155029297e+00 ], [ -3.2787280082702637e+00,
       -9.5076608657836914e+00, -5.0698814392089844e+00 ], [
       -4.2778635025024414e+00, -9.4765739440917969e+00,
       -5.0974912643432617e+00 ] ] }
   - { id:17, corners:[ [ -3.1205987930297852e+00,
       -8.3848447799682617e+00, -1.2672237396240234e+01 ], [
       -4.1190471649169922e+00, -8.3505249023437500e+00,
       -1.2716094017028809e+01 ], [ -4.1528000831604004e+00,
       -9.3498620986938477e+00, -1.2729703903198242e+01 ], [
       -3.1543517112731934e+00, -9.3841819763183594e+00,
       -1.2685847282409668e+01 ] ] }
   - { id:18, corners:[ [ -5.0628266334533691e+00,
       5.1206028461456299e-01, 3.2268013954162598e+00 ], [
       -5.1015057563781738e+00, 4.9278447031974792e-01,
       4.2258672714233398e+00 ], [ -5.1173729896545410e+00,
       -5.0689160823822021e-01, 4.2059655189514160e+00 ], [
       -5.0786938667297363e+00, -4.8761579394340515e-01,
       3.2068996429443359e+00 ] ] }
   - { id:19, corners:[ [ 2.3988702297210693e+00, 3.4070754051208496e-01,
       4.4169683456420898e+00 ], [ 2.4068727493286133e+00,
       3.1488350033760071e-01, 3.4173338413238525e+00 ], [
       2.3817369937896729e+00, -6.8447232246398926e-01,
       3.4429492950439453e+00 ], [ 2.3737344741821289e+00,
       -6.5864825248718262e-01, 4.4425840377807617e+00 ] ] }
   - { id:20, corners:[ [ 2.3786435127258301e+00,
       -1.0458284616470337e+00, -2.2655770778656006e+00 ], [
       2.4086067676544189e+00, -1.0305709838867188e+00,
       -3.2650117874145508e+00 ], [ 2.3958377838134766e+00,
       -2.0303668975830078e+00, -3.2806575298309326e+00 ], [
       2.3658745288848877e+00, -2.0456244945526123e+00,
       -2.2812228202819824e+00 ] ] }
   - { id:21, corners:[ [ -5.0691866874694824e+00,
       -9.1244453191757202e-01, -3.4938895702362061e+00 ], [
       -5.1045379638671875e+00, -9.2177683115005493e-01,
       -2.4945583343505859e+00 ], [ -5.1173443794250488e+00,
       -1.9216468334197998e+00, -2.5043485164642334e+00 ], [
